1572781557 59
1572781556 2048
1572781554 2048
1572781553 2048
1572781552 2048
1572781551 2048
1572781550 1152
554704431 192
552393999 64
552393998 1024
519839283 192
167073941 1536
167073940 2048
167073939 2048
167073938 2048
167073937 2048
167073936 2048
167073935 2048
167073934 2048
167073933 576
1399447948 128
164941860 576
1257203 2048
1257202 2048
1257201 2048
1257199 2048
1257198 2048
1257197 2048
1257196 2048
1257194 2048
1257193 2048
1257192 2048
1257191 2048
1257190 2048
1257189 2048
1257188 1344
1691881123 1728
1691881122 2048
1691881121 384
917113054 576
917113053 2048
917113052 1536
1656906288 1088
1656906286 2048
1656906284 1024
1296246751 192
1296246750 896
1309704336 192
1656109834 128
1094635041 2048
1669310592 320
1535544051 1408
1535544050 2048
1535544049 2048
1535544048 2048
1535544045 2048
1535544044 2048
1535544043 704
388997588 1408
388997587 2048
388997586 704
2117231359 576
2075899777 320
2035485584 128
1060793843 2048
1060793842 2048
2083098153 192
1597678888 128
1597678887 960
1460726351 320
1178752246 896
1173093824 1024
1173093823 2048
1173093822 1088
396195063 576
396195062 1536
508078869 128
2103230339 320
2103230338 2048
2103230337 2048
2103230336 2048
2103230335 2048
2056123611 1728
2056123610 384
1778302704 320
686957243 512
686957242 576
107188650 128
798786912 1984
798786911 2048
798786910 128
2103230329 2048
1249440077 2048
2103230328 2048
1249440076 2048
2103230327 2048
1249440075 2048
2103230326 2048
1249440074 2048
2103230325 2048
1249440073 2048
2103230324 2048
1249440072 2048
2103230323 1792
1249440071 1536
1445220488 2048
1445220487 2048
1445220484 2048
1445220480 2048
1445220479 2048
1445220478 2048
1445220477 2048
1445220476 2048
1445220475 2048
1445220474 2048
1445220473 448
1493186204 512
1493186203 576
927915990 384
927915989 192
523036219 192
2053861873 2048
2053861872 64
1813916499 1856
1813916498 2048
1813916497 2048
1813916496 2048
1813916486 2048
1813916485 2048
1813916484 2048
1813916483 256
1934353910 320
1934353909 1792
201169655 1088
53915558 192
53915557 1920
1656906285 2048
1827020403 1088
1901677938 128
448847134 320
1102201876 128
1936706786 192
964742104 1728
964742103 2048
964742102 2048
964742101 2048
964742100 2048
964742097 2048
964742096 384
1605622669 192
1929700227 128
1929700226 1984
1445220486 2048
2138946868 512
1445220485 2048
2138946867 64
1306639598 640
1306639597 2048
1306639596 2048
1306639595 2048
1306639594 2048
1306639593 2048
1306639592 2048
1306639591 2048
1306639590 1472
636428564 2048
636428563 2048
636428562 2048
636428561 2048
636428560 2048
636428559 2048
636428558 2048
636428557 1792
780759277 2048
681234233 320
262755141 1408
262755140 2048
262755139 2048
262755138 2048
262755137 704
679464581 1344
679464580 768
111821216 128
1269227299 384
1269227298 2048
1269227297 1728
1511072054 320
261512932 576
622527606 896
1430049948 2048
1430049947 2048
1430049945 2048
1430049944 2048
1430049943 2048
1430049942 2048
1430049941 1408
1430049946 2048
683267494 320
1426647522 384
1426647521 2048
1426647520 2048
729873536 192
1426647519 2048
1426647518 2048
1426647517 2048
1426647516 2048
1426647515 2048
1426647514 2048
1426647513 2048
1426647507 2048
1426647506 1728
1356196866 248858
954755779 384
313137175 186370
1627524435 1152
812524771 1280
1224239473 4096
1785055780 4096
207495097 3840
1094635052 2048
1937314406 2048
207495096 4096
1094635051 2048
1937314405 2048
207495095 4096
1540767056 3840
1094635050 2048
1937314404 2048
1094635049 2048
1937314403 2048
207495093 384
1094635048 2048
1937314402 2048
1344305417 3328
1344305416 4096
1344305415 4096
1344305412 4096
1344305411 4096
1344305410 4096
1344305409 896
954045835 4096
869851554 4096
1371238789 128
2111737479 4096
1029952486 2048
1029952485 2048
964742099 2048
719538675 1792
964742098 2048
719538674 2432
1529883465 1408
395561668 4096
1529883464 768
395561667 4096
2111737481 4096
1613959504 1152
105288716 4096
869851555 4096
1649027739 192
2111737480 4096
105288715 1536
12111466 3200
12111465 4096
12111464 4096
221795639 2176
12111463 4096
121522076 128
1474065130 1024
12111462 4096
121522075 1024
1474065129 128
12111461 4096
12111460 4096
12111459 4096
1186208826 4096
1774302562 2048
597742373 4096
1438954361 2944
1186208825 1664
1488572382 2816
1060793846 2048
1435985820 4096
967733859 3712
486679442 384
240578411 1600
1660065162 3072
636428569 2048
2104990417 4096
636428568 2048
2104990416 4096
240578408 2048
1660065159 4096
636428566 2048
2104990414 4096
1660065156 4096
1660065155 4096
1660065154 4096
1660065153 4096
1660065152 4096
1660065150 4096
1660065149 4096
1660065148 4096
1211746561 384
1190581296 273331
1660065146 1152
876853983 384
1137110998 3072
2141191835 2048
240578410 2048
1660065161 4096
101560193 128
150028535 2816
1190581298 768
313137171 189689
1785055782 256
1435985833 4096
1190581297 186803
313137170 201303
218258107 640
1785055781 4096
647354942 1792
1081776222 128
647354941 384
1189286673 2048
1022564197 3712
1470349414 4096
1189286672 2048
1470349413 4096
1189286671 2048
1428642543 128
1299200817 2944
1799984184 3840
1470349412 2816
2052242821 128
1189286670 2048
1428642542 128
1299200816 4096
597742380 4096
1712738743 2176
1808740694 93717
597742378 4096
1808740693 188653
597742377 4096
161310953 1664
1186208829 2560
161310952 4096
1186208828 4096
161310951 4096
1186208827 4096
1774302561 2048
597742372 4096
1438954360 4096
597742371 4096
1438954359 1280
1660065147 4096
845261517 4096
1572781555 2048
601544350 640
636428567 2048
2104990415 4096
1435985831 4096
804135413 1792
974551227 2048
1137110997 4096
2141191834 2048
1137110996 4096
122749729 292845
358268629 384
1137110995 4096
122749728 290520
1721004728 256
2141191832 2048
358268628 1728
1137110994 4096
122749727 307681
2141191831 2048
425626204 2176
1137110993 4096
122749726 300088
2141191830 2048
122749725 308330
547563265 3968
2141191829 2048
547563264 4096
2141191828 2048
1137110990 1152
2141191827 2048
1293268171 2048
812524770 896
780759276 2048
1810254450 2816
780759275 64
1810254449 4096
1810254448 1408
869851551 4096
2111737476 4096
869851550 4096
2111737475 4096
459713666 4096
459713665 4096
459713664 4096
161310950 4096
1446432202 2432
1937314417 1472
459713663 4096
161310949 2560
1446432201 4096
1937314416 2048
459713662 4096
1446432200 4096
1937314415 2048
459713661 4096
1446432199 4096
1937314414 2048
459713660 4096
459713657 4096
1144748414 256
459713656 4096
1257195 2048
1725256561 1152
1144748413 128
1060793841 2048
1029952496 704
459713655 4096
459713654 4096
459713653 256
1137110992 4096
1234657794 1408
150028534 4096
247901926 896
1785055774 3968
1435985825 4096
1137110991 4096
1234657793 2816
150028533 4096
765608926 2176
1696918820 246339
395561661 4096
150028532 4096
150028531 4096
1435985822 4096
150028530 4096
1488572383 1408
1060793847 960
1435985821 4096
122749724 328479
1803373219 1792
150028529 4096
122749723 310276
1803373218 4096
1606347510 1280
19865198 2048
247901920 4096
1060793845 2048
1435985819 4096
967733858 4096
1606347509 4096
858572098 4096
19865197 2176
1060793844 2048
1435985818 1152
967733857 4096
1606347508 4096
858572097 4096
247901918 4096
967733856 4096
858572096 4096
247901917 4096
967733855 4096
1606347506 2944
858572095 4096
1046325795 512
967733854 4096
967733853 4096
967733852 4096
1803373211 2432
1984602576 2176
967733851 512
441453463 640
1063099973 128
1063099972 4096
1428499946 640
1063099971 4096
1189286674 2048
1063099965 4096
845261516 4096
1946267436 286489
1190581295 255168
1696918810 263104
343153638 267757
1946267435 325100
1190581294 239939
1493403959 263255
370564514 4096
1696918809 253143
343153637 91533
1946267434 318988
1916273327 2176
1493403957 192805
1696918808 62515
343153636 4825
1946267433 302858
1330521799 1152
1022564201 512
1356196870 256890
1022564200 4096
1356196869 259495
1470349416 1408
1022564199 4096
1079209299 256
1356196868 258220
1470349415 4096
1022564198 4096
1356196867 252897
1813916495 2048
2082758272 1024
1774302563 64
597742374 4096
1808740690 92495
1785055777 4096
1435985828 4096
1445220489 1664
1330521798 1024
1946267430 315780
1940039286 2176
1087654123 512
1299200815 1280
1799984182 4096
597742379 4096
908703769 22107
990651106 1152
901073626 4096
1946267429 284601
680171916 4096
868244017 384
1087654122 64
1344305414 4096
309013190 2048
1344305413 4096
1356196873 248397
105288717 2688
1799984183 4096
1000685414 320
909610799 311123
1356196872 265492
1421887767 1024
1803373212 4096
122749717 37705
1396453961 1536
2141191821 2048
2116281825 640
1203593678 4096
909610798 304574
1356196871 257432
909610797 309298
1803373215 4096
122749720 306679
2141191824 2048
1476034620 1024
680171926 256
388122321 3456
1803373214 4096
122749719 299419
2141191823 2048
1946267441 291136
1946267442 229026
1476034619 128
1803373213 4096
122749718 293628
508078868 960
1421887768 3200
1396453962 2688
2141191822 2048
370564518 4096
1493403963 250979
1946267440 297001
1212361099 384
1279723428 2688
1696918824 187667
395561665 4096
370564517 4096
1493403962 249282
1946267439 294099
1696918823 254285
395561664 4096
1287932924 4096
395561657 2176
546781670 283867
459713669 3968
314430521 234595
869851553 4096
1371238788 1984
2111737478 4096
1946267432 306422
1648776320 640
909610793 294011
680171920 4096
546781669 123159
1686690087 1024
459713668 4096
314430520 248172
342615967 256
1809222998 4096
869851552 4096
2111737477 4096
1946267431 293276
1648776319 512
240578407 512
1660065158 4096
636428565 2048
2104990413 2176
1164548110 22962
909610792 296276
1686690086 1152
459713667 4096
597742381 4096
1998085578 275825
1813916490 2048
2082758267 4096
1660065157 4096
1164548109 514
1279723430 1536
909610791 291179
1803373216 4096
122749721 279591
2141191825 2048
1293268170 64
1290539854 2176
592716965 3840
343153639 251649
1696918811 241189
1696918812 237546
1946267437 297846
370564515 4096
1493403960 238019
1813916488 2048
322477598 36082
2082758265 4096
1584790427 128
1426647512 2048
1950882024 3328
680171918 4096
901073628 2944
313137176 184351
1946267438 287624
370564516 4096
1493403961 239197
1813916489 2048
2082758266 4096
1279723429 4096
909610790 288597
240578409 2048
1660065160 4096
101560192 1024
313137177 46043
2040700304 2176
1356196863 252661
680171919 4096
1435985832 4096
804135414 2432
1063099969 4096
1189286678 2048
1356196864 258787
1356196865 256122
680171921 4096
1022919461 1408
680171922 4096
1022919462 704
1160247162 1152
1287932923 3584
1407731048 27694
2062343805 1152
1799984180 384
247901919 4096
1507096171 640
314430519 262188
2105408855 2048
858572106 2176
2044640952 4096
1666520748 1664
1799984181 4096
1287932925 640
395561658 4096
1189286676 2048
1063099967 4096
221412910 4096
597742368 1664
546781671 261856
314430522 240230
680171923 4096
909610794 301246
1696918818 258813
395561659 4096
1189286677 2048
1063099968 4096
221412911 2432
597742369 4096
546781672 263061
459713658 4096
680171924 4096
1696918819 245963
395561660 4096
597742370 4096
546781673 140056
1446432198 1792
1937314413 2048
888064475 384
1510682582 1408
459713659 4096
270467080 3840
279237477 3072
680171925 4096
909610796 287121
1695206434 64
1696918821 239422
395561662 4096
1696918822 244094
395561663 4096
597742375 4096
1808740691 184439
1785055778 4096
1435985829 4096
597742376 4096
1808740692 193198
1785055779 4096
974551226 2176
1435985830 4096
617252178 184262
386104417 640
313137169 142326
1356196878 167651
897379180 4096
858572094 4096
617252179 301068
869851556 4096
1728692859 1664
1280600300 1024
975169501 4096
1049384560 192
617252180 137369
150028527 1408
230265521 1024
313137172 183946
1493403964 255819
370564519 4096
1386022946 256
975169498 2816
313137173 182328
1493403965 63211
370564520 4096
313137174 192800
370564521 896
1813916494 2048
2082758271 4096
314430523 384
12111458 1024
1224239471 4096
122749732 277662
2141191836 1728
832498999 128
122749731 291714
1224239470 3072
1785055776 4096
1435985827 4096
909610795 294699
1695206433 1024
1591158106 4096
73622512 2048
207495094 4096
552095565 256
1792437025 576
20479780 1536
1855200338 4096
897379177 4096
869851557 4096
1728692860 2560
975169502 1408
42807778 576
1493403958 248672
370564513 3328
1224239472 4096
122749733 268078
1257200 2048
1279825992 320
270467081 384
279237478 1152
680171910 3968
901073620 4096
1389930801 256
680171911 4096
901073621 4096
680171912 4096
901073622 4096
680171913 4096
901073623 4096
680171914 4096
901073624 4096
680171915 4096
901073625 4096
680171917 4096
2141191826 2048
1687987866 1152
901073627 4096
1946267426 78644
1940039282 2048
909610800 294451
1895929540 896
709563669 1024
1946267427 315136
909610801 315438
1895929541 4096
709563670 3200
1946267428 296705
1895929542 3328
1356196874 247864
1257204 768
1855200337 2304
897379176 3328
858572090 2048
1584054127 384
1046325790 4096
858572091 4096
1046325791 4096
476564842 384
1187787904 256
1855200339 1920
897379178 4096
858572092 4096
1046325792 4096
1187787905 1920
1356196877 268261
897379179 4096
858572093 4096
1046325793 4096
858572100 4096
858572101 4096
858572102 4096
1813916487 2048
322477597 29881
2082758264 3200
858572103 4096
858572104 4096
2105408854 2176
858572105 4096
2044640951 1536
1224239474 1152
897379181 4096
1107972519 4096
1445220483 2048
1949988532 1152
1293268186 2048
1510682580 2048
897379182 4096
1510682581 2048
897379183 4096
247901921 4096
1392838241 3712
897379184 4096
247901922 4096
1392838242 4096
1656906287 2048
1264107523 2176
247901923 4096
1392838243 4096
1283110022 28310
247901924 4096
1392838244 4096
1756839183 128
247901925 4096
1392838245 512
1785055775 4096
1435985826 4096
1107972518 512
1445220482 2048
1949988531 4096
1293268185 2048
1510682579 2048
2130615622 170632
589602009 1408
2130615623 187197
1231884241 256
953511933 1792
2130615624 25105
953511934 4096
1094635047 2048
1937314401 640
597742382 4096
1998085579 267173
1664871775 2688
1971373307 2048
909610803 282135
589685765 4096
1776241991 4096
1827990318 640
597742383 4096
1998085580 192
1664871776 4096
1971373308 832
247901910 3328
909610804 306088
589685766 1664
1776241992 4096
597742384 2560
1664871777 4096
247901911 4096
909610805 287895
1776241993 4096
1267505148 256
1664871778 4096
247901912 4096
909610806 258
1776241994 4096
1664871779 1536
247901913 4096
1776241995 4096
1073084480 128
1088442692 384
631016544 2048
395561672 4096
2044640953 2688
1666520749 512
247901914 4096
1776241996 4096
247901915 4096
1776241997 4096
247901916 4096
1776241998 2176
1046190280 1792
1046190281 384
331846463 1152
1971373306 1280
909610802 283433
1776241990 2048
589685764 2560
1356196875 261601
1339792155 3584
1356196876 245981
1339792156 640
122749730 312287
732790827 384
631016543 64
395561671 4096
833552333 2176
1046325794 4096
150818999 1152
343153642 254407
8070737 4096
1073431444 384
1809223001 1280
1435985834 3072
1280600299 128
975169500 4096
1046325779 3712
1075095322 576
2141079213 1408
1046325780 4096
2141079214 4096
1046325781 4096
2141079215 4096
1197609827 72420
1046325782 4096
84973836 207870
2141079216 4096
1046325783 4096
2141079217 2816
84973837 307887
1046325784 4096
84973838 75285
1046325785 4096
1046325786 4096
1046325787 4096
1046325788 4096
1046325789 4096
622527607 1216
1430049949 704
657262716 384
8070751 512
1293268182 2048
1510682576 2048
657262717 1792
1293268183 2048
1510682577 2048
1813916491 2048
2082758268 4096
78040202 2176
20479775 4096
1203593675 3072
1203593676 4096
1203593677 4096
1203593679 4096
1203593680 4096
1203593681 4096
1203593682 4096
309013189 128
1203593683 1152
225663220 640
845261520 128
901073612 1280
1535544046 2048
1990188133 896
901073613 4096
1535544047 2048
1990188134 192
901073614 4096
901073615 4096
1685967257 1088
901073617 4096
901073618 4096
901073619 4096
1389930800 384
2075847050 3328
157670954 1088
2075847051 896
845261518 4096
845261519 4096
975169499 4096
1940039283 4096
1339671314 640
1940039284 4096
1339671315 4096
1940039285 4096
1339671316 3584
1783743316 256
2103230334 2048
954923504 31421
1986099219 1984
631016555 2048
343153640 280634
8070735 3712
343153641 268122
8070736 4096
343153643 255531
8070738 4096
1696918813 244540
1367947609 1984
343153644 65678
8070739 4096
1696918814 238312
1367947610 2048
8070740 4096
1679620792 512
1696918815 242130
1367947611 2048
8070741 4096
1293268172 2048
1510682566 704
1679620793 576
1696918816 249777
1367947612 2048
8070742 4096
1293268173 2048
1510682567 2048
1696918817 254812
1367947613 128
1004098874 128
8070743 4096
1293268174 2048
1510682568 2048
8070744 4096
1293268175 2048
1510682569 2048
8070745 4096
1293268176 2048
1510682570 2048
8070746 4096
1293268177 2048
1510682571 2048
8070747 4096
1293268178 2048
1510682572 2048
8070748 4096
1293268179 2048
1510682573 2048
8070749 4096
1293268180 2048
1510682574 2048
8070750 4096
1293268181 2048
1510682575 2048
971725357 2176
971725358 4096
1956148061 2176
971725359 2048
2141191833 2048
1279972317 384
636428570 2048
2104990418 4096
636428571 2048
2104990419 4096
636428572 2048
2104990420 4096
636428573 320
2104990421 4096
1055439535 1536
1540767048 384
2104990422 4096
1540767050 4096
2104990424 4096
1540767051 4096
2104990425 4096
1540767052 4096
2104990426 4096
1540767053 4096
2104990427 4096
1540767054 4096
2104990428 4096
1540767055 4096
2104990429 2048
269623672 1152
711076234 2048
711076235 4096
711076236 4096
1048374722 256
711076237 4096
150028528 4096
230265522 1152
1540767049 4096
2104990423 4096
1055439536 640
395561666 4096
395561669 4096
395561670 4096
1475366094 256
901073616 4096
202673303 384
425418623 3072
425418624 4096
710905536 3712
425418625 4096
710905537 4096
425418626 4096
710905538 512
425418627 4096
425418628 4096
425418629 4096
425418630 4096
425418631 4096
425418632 4096
425418633 4096
425418634 4096
425418635 4096
425418636 4096
5882065 896
425418637 4096
5882066 4096
1847832783 640
425418638 4096
1292058887 320
5882067 3328
425418639 1152
592716966 4096
2111737470 3200
592716967 4096
2111737471 4096
1660065151 4096
972905371 1088
592716968 4096
2111737472 4096
592716969 384
2111737473 4096
2111737474 4096
2111737484 4096
2111737485 4096
2111737486 1024
717091197 1024
717091198 128
1356196862 132180
2039946063 384
711076238 2176
1048374723 128
954045834 1792
954045836 4096
954045837 4096
954045838 2432
1094635042 2048
407824098 2176
1570652405 1536
1094635043 2048
1570652406 4096
1094635044 2048
1344950801 1088
1570652407 4096
1094635045 2048
1570652408 4096
1094635046 2048
1570652409 2688
1803373217 4096
122749722 308388
2132271354 640
2025391708 1792
1107972522 4096
1189286665 2048
2025391709 2432
1107972523 4096
1189286666 2048
1164198452 2176
711073327 384
1435985823 4096
1589511375 2432
1959173236 1856
1435985824 4096
1589511376 1792
730518634 128
1959173237 256
897379185 4096
89826202 1216
388122322 768
1460844137 384
589602008 4096
577934858 3072
1094635040 1088
1609582972 256
547563263 256
317140586 384
165635798 384
631016558 2048
1495478388 1152
1307152554 576
1766682702 1280
1766682703 4096
1766682704 2944
953511935 2432
1606347507 4096
1235306210 384
631016546 2048
1307451811 896
1307451812 1280
1445220481 2048
1949988530 3072
1293268184 2048
1510682578 2048
869055149 384
1813916492 2048
2082758269 4096
1585077719 384
1813916493 2048
2082758270 4096
1585077720 3840
2015641127 256
577934856 1152
589602007 2816
577934857 4096
489314091 256
1042913591 256
558903641 2176
1809222997 2944
1809222999 4096
1809223000 4096
1741357799 768
1243960090 25428
1741357800 3456
1426647508 2048
1950882020 896
1426647509 2048
1950882021 4096
1426647510 2048
1950882022 4096
1426647511 2048
1950882023 4096
2052242820 256
1107972526 3712
1189286669 2048
869851558 128
1472147553 640
20479772 2688
20479773 4096
20479774 4096
20479776 4096
20479777 4096
706486985 1152
20479778 4096
20479779 4096
73622501 2688
1475061704 640
73622502 4096
73622503 4096
73622504 4096
73622505 4096
305313676 960
1747653472 384
73622506 3858
305313677 128
73622507 2048
73622508 2048
1591158103 2048
73622509 2048
1591158104 4096
73622510 2048
1591158105 4096
73622511 2048
1591158107 2176
73622513 2048
73622514 2048
73622515 2048
73622516 2048
1229566027 320
73622517 768
2103230330 2048
1249440078 2048
1986099215 128
631016551 2048
962239629 1792
2103230331 2048
1249440079 576
1986099216 2048
631016552 2048
962239630 320
2103230332 2048
1986099217 2048
631016553 2048
2103230333 2048
954923503 192
1986099218 2048
631016554 2048
419205978 1536
1196080249 128
419205979 640
1196080250 2048
1196080251 2048
1196080252 2048
1196080253 2048
1196080254 2048
1196080255 2048
1196080256 2048
1994558790 128
1196080257 2048
1994558791 256
1196080258 2048
891039676 1408
739562357 65743
1196080259 2048
891039677 2048
1196080260 2048
891039678 2048
1196080261 2048
891039679 2048
1196080262 2048
891039680 704
1196080263 2048
1196080264 2048
1196080265 1984
1927805245 1920
1927805246 2048
1927805247 192
2140335116 576
2141191820 384
1699107629 320
1417538592 128
1107972520 4096
1189286663 1408
1107972521 4096
1189286664 2048
1107972524 4096
1189286667 2048
1107972525 4096
1189286668 2048
1063099966 4096
221412909 1792
1189286675 2048
1063099970 4096
1189286679 704
1609582971 64
688766890 128
2111737482 4096
1024229467 1664
2111737483 4096
1024229468 448
605118627 192
1094635053 2048
1937314407 2048
1094635054 2048
1937314408 2048
1094635055 2048
1937314409 2048
1094635056 1024
1937314410 2048
1937314411 2048
1937314412 2048
858588155 320
980104121 192
980104122 896
1862761696 576
840372651 64
840372652 2048
395561673 2048
631016545 2048
631016547 2048
631016548 2048
631016549 2048
631016550 2048
631016556 2048
631016557 2048
631016559 2048
435581119 64
435581120 1024
1178752247 2048
974273069 2176
1029952480 1408
1178752248 2048
1029952481 2048
1178752249 2048
1029952482 2048
1178752250 1216
1029952483 2048
1029952484 2048
1719448054 1536
249132598 2176
1029952487 2048
1719448055 576
1029952488 2048
1029952489 2048
1029952490 2048
1029952491 2048
1029952492 2048
1029952493 2048
1060793839 1152
1029952494 2048
1060793840 2048
1029952495 2048
1008101638 320
897379186 4096
89826203 2048
897379187 4096
89826204 2048
897379188 4096
89826205 2048
897379189 4096
89826206 2048
897379190 4096
89826207 2048
897379191 4096
89826208 2048
897379192 896
89826209 2048
89826210 896
858572099 4096
1496727492 320
