1367947610 516
1367947609 1031
2140335117 419
2140335116 483
89826210 530
1087654123 931
1087654122 60
1008101638 133
1029952484 278
1029952483 906
1029952482 323
1029952481 1035
631016544 23
631016543 64
840372653 948
840372652 867
840372651 16
1862761711 1137
1862761710 813
1862761709 856
1862761708 918
1862761707 789
1862761706 711
1862761705 1028
1862761704 1051
1862761703 686
1862761702 1096
1081776222 82
1959173236 83
1685967273 223
1685967272 1058
1685967271 811
1685967270 798
1685967269 894
1685967268 998
1685967267 820
1685967266 769
1685967265 987
1685967264 876
435581120 930
1685967263 695
435581119 27
1685967262 1023
1685967261 966
1685967260 706
858588157 20
858588156 843
858588155 569
730518634 74
1292058887 173
605118627 226
1024229467 90
688766890 82
1022919461 128
1862761701 741
1189286663 519
1699107630 925
1699107629 185
1990188137 523
1990188136 961
1990188135 990
1990188134 1156
1990188133 493
1679620793 18
1679620792 348
2141191820 114
1927805261 91
1927805260 1108
1927805258 984
1927805257 992
1927805254 899
1927805253 726
1927805252 1072
1927805251 785
1927805250 775
1927805249 714
1927805248 859
1927805247 1201
840372655 905
1927805246 1144
840372654 844
1927805245 1193
1279825995 983
1279825994 925
1279825993 933
1279825992 1005
1986099217 1160
1986099216 1182
1986099215 59
73622501 215
20479774 355
20479773 1081
20479772 917
1428499962 83
1428499961 904
1428499960 1101
1428499959 1248
1428499958 980
1428499957 859
1428499956 1027
1428499955 1088
1428499954 1082
1428499953 1133
1428499952 1184
1428499951 1339
1428499950 1023
1428499949 1166
1428499948 1271
1428499947 1077
1428499946 820
765608930 326
765608929 812
2052242821 64
2052242820 37
1950882028 865
1950882027 937
1950882026 582
1950882025 851
1950882024 1084
1950882023 842
1950882022 856
1950882021 905
1950882020 332
1741357799 205
1809222997 122
489314092 32
489314091 173
1927805255 979
577934856 120
2015641127 189
869055150 833
869055149 501
1949988530 113
1307451812 298
1307451811 231
1235306226 710
1235306225 1146
1235306224 1301
207495093 137
1212361102 440500
121522086 1589
305313684 385
1686690102 1178
305313683 519
1686690101 1589
305313680 981
1686690098 1386
1144748414 351
1686690092 899
1686690091 1259
1686690090 1125
1686690089 1231
1686690088 1258
1686690087 1557
1686690086 406
1994558800 1503
1994558799 1453
1196080265 1066
1994558798 1421
1196080264 1355
1994558797 1280
1196080263 1267
1994558796 1024
1196080262 1236
1994558795 1685
1196080261 1234
1994558794 1363
1827990319 1748
1827990318 1165
1196080258 1078
1994558791 1253
1827990330 1352
1994558803 1144
719538676 1134
1827990329 1404
1994558802 1467
719538675 1144
719538674 681
1299200831 765
1299200830 722
1299200829 1309
1299200828 1079
1299200827 1025
1299200826 1226
1299200825 1334
1299200824 1367
1299200823 1222
1529883468 1228
1299200822 1364
1299200821 1318
1299200820 1598
1299200819 1495
1299200818 1191
2040700312 576
331846471 641
1073431444 1114
2040700311 1689
845261524 60
331846470 1630
812524776 1139
845261523 1274
812524775 1375
1584054130 1277
2141079226 1161
225663222 1106
845261522 1383
342615967 819
812524774 1340
1584054128 1835
2141079224 1186
2040700307 1769
225663220 1144
845261520 1212
812524772 1381
1606347506 728
476564846 513
552095571 1387
78040213 1235
552095570 1429
78040212 1221
552095569 1424
78040211 1046
709563671 1484
709563670 1221
12111466 1465
121522079 1440
12111465 1654
121522078 1343
12111464 1942
221795639 80
121522077 1408
12111463 1642
1137111006 582
121522076 1211
305313682 1018
1686690100 1037
1474065130 123
12111462 1338
1137111005 1532
121522075 374
305313681 988
1686690099 1362
1474065129 55
12111461 1542
1137111004 1548
12111460 1415
1137111003 1562
12111459 1881
1137111002 1549
161310955 1394
161310954 1597
161310953 1350
161310952 1382
161310951 1526
1438954363 749
161310950 1463
1438954362 1818
161310949 836
597742373 1638
1438954361 1452
1186208825 275
5882065 231
1994558801 519
1660065146 311
1407731049 188239
876853983 177
1137110999 1483
1137110998 1477
89826208 1007
897379191 1614
19865197 613
1584054129 1196
2141079225 1438
2040700308 1651
225663221 1055
845261521 1074
812524773 1374
2132271370 355
1695206433 591
647354943 766
647354942 1467
1187787905 64
1187787904 128
597742372 1192
1438954360 1417
597742371 1363
1438954359 423
597742369 1432
1613959504 879
1712738747 931
161310960 1204
1712738753 1105
105288722 1554
990651109 1215
1712738746 1580
161310959 1190
1712738752 1552
908703771 77253
161310965 763
105288721 1122
990651108 1350
1712738751 1618
105288720 1163
908703770 187068
161310964 1446
990651107 997
1712738750 1564
105288719 1311
908703769 114622
161310963 1218
990651106 603
1696918810 2483
1986099222 725
954923507 2583
2040700306 1329
1584054127 405
2141079223 1700
845261519 1172
2040700305 1675
2141079222 1355
845261518 1519
2040700304 1156
2141079221 1145
845261517 1228
1196080259 1205
1994558792 771
739562357 555
1986099218 1584
954923503 85
1164198457 1054
1164198456 1145
1164198455 1160
1164198454 1064
202673318 1148
1475366109 1726
1164198453 916
249132609 1357
1164198452 1104
249132608 1314
249132607 1336
249132606 1868
249132603 1092
249132602 1381
1696918808 727
343153636 6361
1986099220 1073
954923505 2626
1164198459 1329
1344305410 1221
249132601 1512
1344305409 355
249132600 1593
1137111001 1507
12111458 437
249132599 1458
314430519 235717
225663225 1616
1493403959 706
1916273329 1539
1137111000 1356
249132598 985
990651122 730
486679442 963
1243960092 447336
1160247164 1410
990651121 1409
1160247163 1282
990651120 1279
990651119 1247
1279972319 1550
1721004731 1332
1721004728 396
1137110997 1424
1446432198 677
1686690093 1095
954923511 2597
1235306215 1037
1137110994 1528
1290539856 627
388122337 162
1279972320 1288
1721004732 1066
1235306214 1166
597742368 498
1685967259 576
1212361107 307271
121522091 1174
425626204 244
1137110993 1380
1290539855 1385
388122336 906
765608927 1044
1721004735 1419
1235306213 1203
1685967258 712
1212361106 444015
121522090 1388
1137110992 1406
1290539854 928
388122335 1138
765608926 684
1721004734 1417
709563677 1441
1235306212 1320
1685967257 566
1212361105 447190
980104122 595
121522089 1771
388122334 1143
225663223 1439
1916273327 949
1493403957 1850
1470349413 416
1428642543 1407
1299200817 1354
709563674 1242
1212361101 448842
121522085 1424
709563672 1364
1212361100 448020
1055439539 877
1540767052 941
709563676 1161
1235306211 1188
1212361104 435203
980104121 52
121522088 1295
1137110990 320
388122333 974
1609582987 897
407824111 1448
1196080260 1198
1994558793 1380
739562358 817
1986099219 1131
954923504 2600
1164198458 1091
709563673 1434
1648776319 75
709563675 954
1235306210 324
1212361103 429745
121522087 1317
617252178 1370
1407731053 191249
1529883467 1308
1243960098 375922
1986099221 755
954923506 2510
343153637 52
1696918809 2537
1164198460 117
1196080249 39
419205978 596
1407731050 188410
1196080251 985
419205980 1395
305313678 1244
1686690096 1417
279237480 1115
709563669 263
1946267427 17803
1712738756 1440
269623672 768
990651112 1066
313137185 71045
1810254448 311
1808740693 188657
974551227 1214
804135413 409
1435985831 1438
1190581295 265
313137182 436908
1529883465 1159
1827990327 1476
1267505155 1577
105288723 781
1712738754 1473
990651110 860
1243960096 450175
1446432199 678
2141079216 885
1264107523 365
305313676 432
1686690094 1437
279237478 1543
706486985 317
1613959505 458
105288717 1538
1510682566 479
1712738748 1383
601544350 252
161310961 1844
1243960090 82745
1747653473 35
1609582985 975
407824109 1483
2039946063 660
305313677 958
1686690095 1147
279237479 869
1940039282 313
1946267426 36229
1407731051 189868
597742376 867
1808740692 187441
974551226 714
1435985830 1563
1808740696 192877
974551230 653
1435985834 908
1190581294 10032
313137181 437823
1609582984 1098
407824108 1227
1529883464 177
1827990326 1343
1267505154 1419
1712738759 803
990651115 1087
1243960095 444113
2132271355 1240
313137178 449325
105288718 1158
1510682567 192
1712738749 1373
161310962 1775
1712738755 1223
990651111 1299
1243960091 462129
1407731052 189743
1073431446 1518
1712738757 1754
990651113 1135
1243960093 446991
597742375 1398
1808740691 186437
1435985829 1354
954923510 2563
1196080253 1089
419205982 1402
2132271354 1074
1609582986 1017
407824110 1252
765608928 791
1721004736 1189
1529883466 1475
1827990328 1664
1267505156 678
1243960097 433765
1808740695 189815
974551229 1375
1435985833 1313
313137180 439615
1073431445 1351
1029952480 839
974273069 140
597742374 1654
1808740690 106969
1435985828 1472
313137175 447105
1808740694 190849
974551228 1189
804135414 781
1435985832 1571
313137179 442548
1927805256 901
589602007 192
1609582983 1125
407824107 1739
1712738758 1306
990651114 1051
1243960094 442265
1470349412 959
1428642542 64
1299200816 1357
1299200815 568
1196080254 1227
419205983 1372
313137176 435813
1808740697 188341
1998085578 2533
101560192 57
249132604 1529
313137177 435384
305313679 1091
1686690097 1725
1144748413 64
279237481 362
279237477 1241
270467080 75
1862761712 397
1063099965 143
2040700309 1436
1079209299 1022
2075847065 1220
2062343812 1459
1407731054 186172
617252179 2546
2132271369 1223
386104418 253
2075847066 352
2062343813 1546
1160247166 793
1280600300 1321
1407731055 190270
617252180 2523
150028527 532
230265521 148
1212361099 134732
1055439538 655
1540767051 1212
121522083 1716
2062343814 1199
1712738743 939
161310956 1576
1609582971 19
2062343815 1325
1712738745 1511
161310958 1504
1609582973 483
2062343817 1370
1279723428 128
1862761696 468
617252186 905
1407731061 188984
2104990413 104
1695206434 1030
647354944 1371
1862761697 774
1407731062 185837
207495094 74
552095565 1078
78040207 1315
1695206435 425
647354945 1608
1862761698 942
1407731063 154550
552095566 1381
78040208 681
647354946 1434
897379178 1538
552095567 1227
78040209 1021
647354947 1149
897379179 1615
1196080250 1182
419205979 1858
1712738744 1253
161310957 1502
218258107 164
1609582972 924
2062343816 1352
1994558804 1574
1827990331 1427
1609582975 696
2062343819 1486
407824099 1197
1407731056 192056
617252181 2344
1994558805 1452
1827990332 1633
1609582976 893
2062343820 1411
407824100 1646
1407731057 188197
617252182 1914
1808740698 92042
1664871775 120
1998085579 70
597742370 1368
1475366110 149
202673319 201
972905371 37
1994558806 1361
1827990333 1223
1609582977 888
2062343821 128
407824101 1193
1407731058 191165
617252183 1864
2141079215 1156
1197609827 1328
2141079220 1458
845261516 1369
89826206 932
897379189 1581
1725256561 316
647354941 192
225663236 135
2132271366 1382
89826207 1089
897379190 1837
546781669 1417
1609582978 1045
407824102 1364
1407731059 188590
617252184 1927
909610800 163003
1895929540 263
1937314401 65
1609582979 1123
407824103 1998
1407731060 190409
617252185 1891
909610801 197073
1895929541 888
1609582980 1176
407824104 798
1609582981 1076
407824105 1619
1609582982 1035
407824106 1260
546781670 1221
407824112 981
407824113 1244
407824114 502
1986099223 798
954923508 2604
1696918811 2560
1022564197 105
1475061704 391
552095568 1616
78040210 1513
647354948 1786
897379180 1685
558903641 191
1042913591 582
647354949 1448
897379181 1515
2141079213 341
1862761700 973
1107972519 226
1042913592 1270
897379182 1277
2141079214 1546
1042913593 983
897379183 1337
1392838241 1233
552095572 885
897379184 862
1392838242 1394
552095573 192
42807779 457622
78040215 1153
89826202 450
897379185 1367
1392838243 94
2105408854 192
1055439536 1358
1540767049 1017
1421887767 183
1396453961 143
1000685414 45
388122327 987
121522084 1127
2116281825 200
221412922 1391
1203593678 1306
1407731048 191339
1196080257 1198
1994558790 62
419205986 1115
1507096171 391
1696918812 1897
954923509 2493
78040214 1218
42807778 238779
225663224 1132
1916273328 1533
1493403958 2573
370564513 128
680171910 414
1389930801 1076
858572090 904
858572091 27
476564842 551
2141079217 1128
89826203 894
897379186 1669
2141079218 784
89826204 970
897379187 1731
2141079219 1135
89826205 756
897379188 1450
1971373307 518
1776241991 733
909610803 182348
331846464 1223
812524770 328
2132271367 1099
812524771 1169
386104417 536
2132271368 1272
89826209 836
897379192 313
19865198 1358
1421887768 13
388122328 1183
1862761699 1006
1407731064 86
1107972518 151
719538677 1222
909610804 187863
331846465 1602
247901910 1329
719538678 513
331846466 1317
909610805 189136
247901911 781
331846467 1298
909610806 6090
247901912 1355
1827990334 661
1803373211 722
225663233 1533
1460844144 1146
331846468 1533
247901913 1437
1984602576 131
441453463 167
967733851 129
331846469 1461
247901914 222
967733852 1301
1627524435 475
1073431447 1473
1386022949 1522
812524780 1199
1488572382 187
249132612 1537
1435985820 1149
967733859 1248
2075847058 1206
1073431457 1680
2062343805 996
1627524445 1381
1627524436 1446
1073431448 1356
812524782 1532
812524783 1183
1847832794 1107
812524784 1400
249132605 1309
322477598 454032
1847832795 1217
309013190 77
2075847062 1263
2062343809 1291
1627524449 670
812524785 1307
2075847063 1222
2062343810 1166
1627524450 1605
812524786 1027
2075847064 1219
2062343811 1122
1627524451 1010
1196080252 1118
419205981 1412
1196080255 1046
419205984 1668
1196080256 897
419205985 1389
313137183 438467
1279825996 116
897379176 894
1855200337 704
313137184 455000
897379177 1525
1855200338 747
1137110995 1329
1137110996 1368
1785055774 36
1435985825 1318
221412912 1570
221412913 1579
221412914 1491
1160247162 750
1287932923 94
1591158103 115
313137174 436865
1339792163 250
1224239471 1128
2132271364 1548
1827990320 1527
1267505148 785
1827990321 1282
1267505149 1530
1827990322 1027
1267505150 1530
1827990323 1232
1267505151 1294
1827990324 1163
1267505152 1446
1827990325 1163
1267505153 821
322477597 13499
2082758264 53
221412909 637
954755794 1295
221412910 1624
954755795 533
221412911 1486
221412915 1389
221412916 1344
221412917 1660
221412918 1654
1203593675 1201
221412919 1489
592716965 276
812524777 1297
1386022946 982
1927805259 1021
975169498 190
812524778 1258
1386022947 1249
812524779 1444
1386022948 1377
1160247165 944
1280600299 64
812524781 1287
1386022950 291
1280600301 1124
1783743332 399
1476034625 713
888064476 1298
954755791 1200
1476034626 1357
954755792 1199
1476034627 1370
954755793 1298
1137110991 1128
1234657793 591
1055439535 484
1540767048 182
1055439537 1339
1540767050 1398
121522082 1672
1088442692 349
1088442693 1270
1088442694 1191
2044640951 557
2044640952 766
1666520748 106
1046190280 88
869851552 1852
1956148069 1166
1971373306 801
1776241990 630
331846463 934
909610802 190293
589685764 105
1339792155 1209
2132271356 1174
1339792156 1483
2132271357 1656
1339792157 1149
2132271358 1138
313137169 1610
1339792158 1374
2132271359 1437
313137170 1907
1339792159 1475
1231884241 62
2132271360 1356
953511933 502
313137171 1915
1339792160 1670
2132271361 1282
953511934 30
313137172 1928
1339792161 1311
732790827 51
2132271362 1148
313137173 172947
1339792162 1473
1224239470 1224
2132271363 1605
1687987866 595
1687987867 88
1584054131 1132
2141079227 1154
833552333 128
150818999 1071
8070737 160
1584054132 1002
2141079228 1320
150819000 1554
1584054133 1304
2141079229 702
150819001 1534
1584054134 1513
150819002 1296
1584054135 930
150819003 1234
150819004 1579
150819005 1624
150819006 1313
150819007 91
221412920 1478
1203593676 1400
221412921 1563
1203593677 1143
2075847059 1316
2062343806 1228
1627524446 1247
1073431458 1323
221412923 1447
1203593679 1395
2075847060 1379
2062343807 976
1627524447 1253
1073431459 1232
221412924 1664
1203593680 1224
2075847061 1155
2062343808 825
1627524448 1272
1073431460 594
221412925 1098
1203593681 1232
868244017 95
249132610 1518
1435985818 460
967733857 1189
249132611 859
1435985819 1386
967733858 1208
249132613 1552
1435985821 1648
249132614 820
1435985822 1558
1589511375 26
1435985823 1577
1435985824 1223
1435985826 1368
1435985827 1270
1280600302 1654
1280600303 1431
1280600304 1726
1280600305 1328
1280600306 1411
1280600307 1258
1046325779 788
657262716 127
657262717 302
202673303 1056
1475366094 1326
202673304 1517
1475366095 1340
78040202 1094
1585077719 71
78040203 1282
78040204 1401
78040205 1343
78040206 1437
42807780 442210
78040216 889
42807781 97893
78040217 1321
42807782 14066
78040218 88
1203593682 910
309013189 64
1203593683 216
1847832783 898
1847832784 1294
1847832785 1149
1847832786 1190
1847832787 1455
1847832788 1331
1847832789 1629
1847832790 1072
1847832791 1101
1847832792 1204
1847832793 1011
1847832796 1506
1847832797 1444
1847832798 1440
1847832799 213
1916273330 1451
225663226 1392
1460844137 584
1916273331 276
225663227 1051
1460844138 1142
225663228 1372
1460844139 1160
225663229 1421
1460844140 944
225663230 1040
1460844141 1229
225663231 1120
1460844142 1197
225663232 1173
1460844143 915
225663234 1169
1460844145 745
225663235 1409
901073612 427
901073613 255
1627524437 1145
1073431449 1394
2075847050 1007
1627524438 1314
1073431450 1552
2075847051 1302
1627524439 1493
1073431451 1344
2075847052 742
1627524440 1656
1073431452 1358
2075847053 1381
1627524441 1234
1073431453 1482
2075847054 1241
1627524442 1335
1073431454 1483
2075847055 1225
1627524443 1452
1073431455 1321
2075847056 1432
1627524444 1494
1073431456 1336
2075847057 1396
967733853 1360
967733854 1404
967733855 1314
967733856 1346
1339671314 320
1339671315 1743
1339671316 1328
1339671317 1439
1339671318 1149
459713653 64
1339671319 1213
459713654 1172
1339671320 1116
459713655 1424
1339671321 1301
1339671322 1120
1783743316 1130
1235306219 1048
1783743317 1366
1235306220 1097
1783743318 1249
1235306221 1169
1783743319 1440
1235306222 1148
954755779 970
1783743320 1319
1235306223 1210
1211746561 299
954755780 1281
1783743321 1359
1211746562 448
954755781 1342
1783743322 1513
954755782 1214
1783743323 1152
954755783 1443
1783743324 1511
1417538592 102
954755784 1557
1783743325 1505
1476034619 25
954755785 1382
1783743326 1296
1476034620 1541
954755786 1310
1783743327 1345
1476034621 2061
954755787 1549
1783743328 1438
1476034622 1564
954755788 1360
1783743329 1276
1476034623 803
954755789 1719
1783743330 1286
1721004729 1396
1279972317 843
888064475 329
1476034624 1210
954755790 1429
1783743331 1077
1721004730 976
1279972318 1321
8070735 1199
8070736 1268
971725357 684
1721004733 1271
1279972321 791
1087654124 859
711076234 643
1087654125 1007
711076235 1267
1087654126 753
711076236 1423
1048374722 128
711076237 1196
1048374723 299
711076238 1134
165635798 905
711076239 963
547563263 54
317140586 471
165635799 509
711076240 1347
547563264 1207
317140587 986
711076241 1305
317140588 919
711076242 820
105288715 768
317140589 816
395561657 100
425418623 945
425418624 1182
710905536 653
425418625 1299
425418626 1377
425418627 1616
425418628 1207
425418629 1211
425418630 1419
425418631 445
2111737470 164
1475366096 1330
202673305 1196
1475366097 1239
202673306 1167
1475366098 1613
202673307 1387
1475366099 1331
202673308 1366
1475366100 1299
202673309 1229
1475366101 1253
202673310 1466
1766682702 407
1475366102 1496
202673311 1325
1766682703 211
1475366103 1502
202673312 1293
1475366104 1350
202673313 1172
1475366105 1262
202673314 1238
1475366106 1423
202673315 1299
121522080 1401
717091197 364
1956148063 1152
121522081 971
717091198 9
1956148064 1162
954045834 293
19865199 1355
19865200 1399
19865201 1376
19865202 1187
19865203 1227
19865204 1325
19865205 1321
19865206 1348
19865207 1370
19865208 1368
19865209 1130
19865210 1278
19865211 1335
19865212 1302
19865213 697
1609582974 829
2062343818 1442
407824098 322
1570652405 392
1224239472 296
2132271365 1327
2025391708 79
711073327 96
990651118 932
1956148061 1100
1956148062 1154
1956148065 820
1956148066 1048
869851550 1145
1956148067 915
869851551 1365
1956148068 1139
869851553 1469
1956148070 990
869851554 1055
1956148071 950
869851555 1478
1956148072 1288
869851556 1786
1728692859 156
1956148073 618
869851557 1209
1956148074 1013
1472147553 301
869851558 62
1956148075 996
1472147554 262
1956148076 1286
1956148077 345
1389930800 110
1389930802 851
1389930803 1151
1389930804 1094
388122321 667
388122322 1203
388122323 1027
1799984180 157
388122324 1214
1799984181 128
388122325 1258
388122326 705
388122329 1032
388122330 1110
388122331 1449
388122332 1046
1747653472 550
105288716 1309
317140590 412
1330521798 161
476564843 1107
476564844 1476
476564845 1471
1475366107 1372
202673316 1290
1495478388 1185
1475366108 1301
202673317 1487
1495478389 88
2040700310 1072
1079209300 148
990651116 861
990651117 843
1235306216 1419
1235306217 1208
1235306218 1022
