2052242822 1602
2052242820 128
1950882020 192
2015641127 320
1585077733 2048
1585077732 2048
1585077731 2049
1585077730 2048
1585077729 2048
1585077728 2048
1585077727 2048
1585077723 2049
1585077722 2048
1585077721 2048
1585077720 2048
1585077719 192
869055150 192
869055149 897
974551242 1024
974551241 2049
974551240 2048
974551239 2048
974551238 2048
974551237 2048
974551236 2048
974551235 2048
974551234 2048
974551233 2048
974551232 2048
974551231 2048
974551230 2048
974551229 2049
974551228 2048
974551227 2048
974551226 1088
1307451817 2048
1307451816 2048
1307451815 2048
1307451814 2049
1307451813 2048
1307451812 2048
1307451811 448
1235306210 320
441453470 2048
441453469 2048
441453468 2048
441453467 2048
441453464 2048
441453463 896
1766682703 448
1766682702 640
990651110 1152
990651109 2048
990651108 2049
990651107 2048
1474065130 128
1495478388 192
476564845 2048
476564844 2048
476564843 2049
476564842 1152
317140586 576
1460844137 192
1589511376 896
1589511375 1216
1389930800 192
711073343 1856
711073342 2048
711073341 2048
711073340 2048
711073339 2049
1164198452 576
2025391708 576
954045834 320
1231884254 2049
1809222997 128
1231884251 2049
1231884250 2049
1613959504 1472
1048374722 128
2039946079 832
2039946078 2048
2039946077 2048
2039946076 2048
2039946075 2049
2039946074 2049
2039946073 2049
2039946072 2049
2039946071 2048
1741357801 1729
2039946070 2048
1741357800 2048
2039946069 2049
2111737470 320
425418624 576
425418623 1536
1392838245 256
1392838244 2049
1392838243 2048
1392838242 2048
1392838241 1856
706486989 832
1613959508 640
706486988 2048
1613959507 2048
706486987 2049
1613959506 2048
706486986 2048
1613959505 2049
706486985 1280
1055439551 1344
711076234 192
711073333 2048
269623684 2048
711073332 2050
269623683 2049
711073331 2049
269623682 2048
711073330 2048
269623681 2048
711073329 2048
269623680 2048
711073327 256
269623678 2048
269623677 2049
269623676 2048
269623675 2048
269623674 2048
269623673 2048
269623672 1152
2104990413 576
1307451826 2048
971725365 1024
1307451825 2048
971725364 2048
1307451824 2049
971725363 2048
1307451823 2048
971725362 2049
1307451822 2048
717091198 1600
971725361 2048
1307451821 2048
717091197 512
971725360 2048
1307451820 2048
971725359 2049
1307451819 2048
1956148061 320
971725358 2048
1307451818 2048
971725357 1088
8070750 2048
8070749 2048
8070748 2048
8070747 2048
8070746 2048
8070745 2048
8070744 2048
8070743 2048
8070742 2048
8070741 2048
8070740 2048
8070739 2048
8070736 2048
8070735 1856
1279972318 2048
1783743331 2048
1279972317 1089
1783743330 2048
1783743329 2048
1783743328 2048
489314091 320
1783743327 2048
1783743326 2049
1783743325 2048
1783743324 2048
1783743323 2048
1783743322 2048
1783743321 2048
1783743320 2048
165635798 320
1783743319 2048
1783743318 2048
1783743317 2048
1783743316 1600
1339671315 256
1339671314 320
441453466 2048
967733852 1856
441453465 2048
967733851 256
2075847050 576
901073614 1472
901073613 2049
901073612 640
1203593675 576
78040210 320
78040209 2049
78040208 2049
78040206 2048
78040205 2048
78040204 2048
78040203 2048
78040202 1792
1475366095 256
1475366094 1857
1949988530 1536
657262718 2048
657262717 2048
8070751 256
657262716 192
1280600314 2049
1280600313 2048
1280600312 2048
1280600311 2048
1280600310 2048
1280600309 2048
1280600308 2048
1280600307 2048
1280600306 2048
1435985824 2048
1435985823 2048
1435985822 2049
1435985821 2048
1435985819 2048
441453471 1216
1435985818 576
1474065129 64
121522075 320
1073431452 704
1073431451 2048
1073431450 2048
1073431449 2049
1073431448 2048
1073431447 2048
1231884257 1600
1073431446 2048
1231884256 2048
1073431445 2049
1231884255 2049
1073431444 1408
8070738 2048
150819000 256
8070737 2048
150818999 1856
732790835 192
732790834 2048
732790833 2048
732790832 2048
732790831 2049
732790830 2048
732790827 1920
1307451827 1664
1046190280 192
221795640 384
221795639 1730
1666520749 1280
2044640953 1344
1666520748 832
2044640952 2048
2044640951 768
202673303 1089
732790829 2048
1088442693 1536
732790828 2048
1088442692 576
1664871791 768
2116281829 832
2116281828 2048
2116281827 2048
1949988531 2048
657262719 2048
1107972518 256
2116281826 2048
1396453962 320
1421887768 64
897379176 128
647354944 2048
1664871790 2048
1224239474 576
858572090 192
1895929540 320
407824103 2048
1687987866 896
680171917 2048
680171915 2049
577934856 128
845261524 64
1107972534 1856
680171914 2048
845261523 2048
1107972533 2048
1389930804 1921
680171913 2048
845261522 2049
1107972532 2048
1389930803 2048
680171912 2048
845261521 2048
225663221 192
1107972531 2048
1389930802 2048
680171911 2048
845261520 2049
225663220 1920
1107972530 2048
2116281825 1280
314430519 1985
78040207 2048
552095565 320
1949988537 2048
1264107525 320
1107972524 2049
547563263 128
1137110990 576
407824106 2048
407824105 2048
407824104 2048
279237493 576
1063099967 2049
407824102 2048
279237492 2048
1063099966 2048
407824101 2048
279237491 2048
1079209299 128
1063099965 2049
1438954360 2048
407824100 2048
279237490 2048
1438954359 640
407824099 2048
279237489 2048
407824098 1472
647354941 192
1664871787 2048
1224239471 2048
1197609827 192
1664871786 2049
1224239470 1537
1389930801 2048
680171910 1984
845261519 2049
1107972529 2048
395561659 1024
833552337 832
395561658 2048
833552336 2048
395561657 1088
833552335 2048
1287932923 1088
833552334 2048
12111459 576
1190581295 2048
1190581294 1728
1280600305 2049
1386022954 577
833552333 1281
12111458 512
680171916 2048
1808740704 2048
589685764 576
1808740706 960
1808740705 2048
1808740699 464789
1949988538 576
1107972525 2048
546781671 2048
974273083 2049
1664871781 2049
546781670 2048
711073338 2049
1998085582 64
1055439550 2048
1144748429 2049
1570652409 1344
1446432210 2048
1280600315 2048
546781669 1152
711073337 2048
269623688 960
1998085581 2048
1055439549 2048
1144748428 2048
1570652408 2048
1446432209 2048
974273081 2048
1664871779 2048
909610790 476053
1438954363 2048
161310951 2048
1808740701 2048
279237484 2048
868244017 1729
279237482 2048
1585077726 2048
1299200815 192
1799984182 1920
680171920 2049
84973838 464970
804135417 1216
909610791 497125
1438954364 2050
161310952 2048
2039946065 2048
407824111 2049
42807782 2049
592716970 2048
1283110025 474243
1785055776 2048
1585077725 2048
1799984181 2048
680171919 2048
84973837 469237
804135416 2048
845261516 2049
1107972526 2048
322477598 2049
309013190 2048
1585077724 2048
1507096171 576
1799984180 192
804135415 2048
279237486 2048
680171922 2048
84973840 474238
322477597 64
309013189 64
1747653486 2048
1847832783 1664
1243960103 2048
386104417 576
617252178 1088
1212361106 2049
1330521798 128
279237485 2048
1164548109 30019
1808740702 2048
1721004732 2049
868244018 384
279237483 2049
680171921 2048
84973839 487363
909610792 14935
1438954365 2048
161310953 2048
1808740703 2048
1164548110 485162
1438954372 2048
2039946066 2049
407824112 2048
1339792155 1792
42807783 2049
954923504 2048
592716971 2048
953511933 897
1231884241 512
1339792159 2048
2130615623 446761
42807787 2048
1283110026 332391
279237488 2048
1785055777 2048
1808740690 275317
1776241990 320
974273076 2048
322477599 2048
1808740700 259887
1808740696 480160
1664871780 2048
974273082 2048
954923503 64
739562357 192
1356196862 25603
1687987867 1216
84973836 352000
680171918 2049
1243960106 1728
1283110024 474112
1435985826 1537
1785055775 2049
279237481 2048
546781677 960
1827990320 832
1435985825 2048
1785055774 1985
279237480 2049
546781676 2048
386104418 512
617252179 2049
322477600 2048
1529883464 320
230265521 192
617252180 1024
1747653488 1088
1847832785 448
1283110023 467473
1243960105 2049
322477601 2049
84973842 471074
680171924 2048
84973841 454443
680171923 2048
1212361099 640
2105408856 1024
314430520 2048
974273072 2048
1396453961 769
1421887767 512
122749717 31797
953511935 2048
1231884243 2048
1339792161 2048
2130615625 478512
42807789 2048
1747653487 2048
1847832784 2048
1243960104 2048
1283110022 156015
1949988536 2048
1264107524 2048
1107972523 2048
2141079217 1408
546781675 2048
1212361107 1472
597742368 320
1055439537 2049
1144748416 2049
546781672 2048
1664871785 2048
221412911 1216
974273084 2049
1664871782 2048
279237477 1537
558903641 1856
1055439538 2049
1144748417 2048
1446432198 896
546781673 2048
974273085 384
221412909 896
1664871783 2048
279237478 2049
546781674 2048
221412910 2048
1664871784 2048
1747653483 2048
1234657808 2049
1243960100 2048
1212361103 2048
1747653484 2048
1234657809 704
1243960101 2048
1212361104 2048
279237487 2048
1493403957 321
1696918808 576
954923505 2048
1339792156 2049
42807784 2048
592716972 2048
1747653480 2049
1234657805 2048
1243960097 2049
84973843 480601
680171925 2048
1476034619 64
1212361100 2049
1696918809 512
954923506 2049
1339792157 2048
42807785 2049
270467080 320
592716973 192
1747653481 2048
1234657806 2048
1243960098 2048
388122321 320
84973844 161278
680171926 128
1476034620 2048
1212361101 2048
954923507 2048
1339792158 2049
2130615622 1257
42807786 2048
1747653482 2048
1234657807 2048
1243960099 2048
1476034621 2049
1747653485 2048
1243960102 2048
1212361105 2049
1190581298 2048
711073334 2048
269623685 2048
1998085578 2048
1055439546 2049
1144748425 2048
1570652405 768
1446432206 2048
974273078 2048
1664871776 2048
1808740697 473148
1648776319 256
869851552 2048
1231884252 2048
342615967 1088
1190581299 2048
711073335 2048
269623686 2049
1998085579 2048
1055439547 2048
1144748426 2049
1570652406 2048
1446432207 2048
974273079 2048
1664871777 2048
1808740698 461800
1648776320 1857
869851553 2048
1231884253 2048
342615968 1024
1190581300 2048
711073336 2048
269623687 2048
1998085580 2049
1055439548 2048
1144748427 2049
1570652407 2048
1446432208 2049
974273080 2048
1664871778 2048
314430521 2048
974273073 2048
314430522 2048
710905536 192
589602007 128
974273074 2048
1186208825 832
1438954361 2048
161310949 1280
314430523 128
974273075 2048
547563264 64
1137110991 512
407824107 2048
42807778 1152
370564513 576
592716966 2048
407824108 2048
42807779 2049
425626204 320
2039946063 1280
407824109 2048
42807780 2048
1438954370 2048
2039946064 2048
407824110 2049
2132271354 320
42807781 2048
592716969 2048
1438954373 2048
2039946067 2048
407824113 2048
1438954374 2048
1407731048 192
592716967 2048
2062343805 192
1741357799 384
2039946068 2048
407824114 640
990651106 960
908703769 320
1438954375 1472
953511934 2048
1231884242 2049
1339792160 2048
2130615624 491234
42807788 2048
953511936 2048
1231884244 2048
1339792162 2048
2130615626 475448
42807790 2048
1063099968 2048
1063099969 64
247901910 320
459713653 128
459713654 2048
459713655 2049
1144748413 64
1725256561 1088
459713656 2048
1055439535 768
1144748414 2048
1725256562 2049
459713657 1984
1055439536 2048
1144748415 2048
419205978 768
1827990318 1280
1994558791 128
1446432214 1216
1187787907 2049
419205979 320
1827990319 2048
1187787908 1984
1279723428 576
1810254448 704
1231884246 2049
42807792 2048
2130615628 487755
1591158104 2048
1810254449 2048
1231884247 2048
42807793 2049
2130615629 489416
331846463 1089
1591158105 1088
1810254450 1408
711073328 2048
269623679 2048
1160247162 1088
558903642 2048
1055439539 2048
1144748418 2048
1446432199 2048
1725256566 2048
558903643 2048
1055439540 2048
1144748419 2048
1446432200 2048
1725256567 2048
558903644 2048
1055439541 2049
1046325779 192
1144748420 2048
1446432201 2049
1725256568 2048
558903645 256
1055439542 2048
1144748421 2048
1446432202 2048
1725256569 1024
1055439543 2048
1144748422 2048
1446432203 2049
1055439544 2048
1144748423 2048
1446432204 2048
1055439545 2048
1144748424 2048
1446432205 2048
974273077 2049
1664871775 1344
249132598 576
601544350 576
845261517 2048
1107972527 2048
2040700304 1537
1190581297 2048
1211746562 1664
845261518 2048
1107972528 2048
2040700305 576
161310956 2048
1438954368 2048
1712738743 576
1446432211 2048
1187787904 128
1446432212 2048
1187787905 2048
1994558790 64
1446432213 2048
1187787906 2049
647354942 2049
1664871788 2048
1224239472 2048
647354943 2048
1664871789 2048
1224239473 2048
647354945 1921
1808740694 461537
1785055781 2048
161310957 832
1438954369 2048
218258107 1088
19865197 1088
1725256563 2048
150028527 704
1606347509 2048
1725256564 2048
150028528 2048
1606347510 2048
1725256565 2048
150028529 1408
1606347511 2048
101560192 192
1280600301 2048
1386022950 2048
1916273327 192
876853983 1729
876853984 2049
876853985 384
592716968 2048
1660065146 192
1190581296 2048
313137169 320
5882065 128
1211746561 448
1435985820 2048
1488572382 128
974273071 2048
954755780 64
1186208826 1281
1438954362 2048
161310950 2048
1438954366 2048
161310954 2048
1438954367 2048
161310955 2048
1946267426 321
279237479 2048
1940039282 192
709563669 512
709563670 64
1290539854 128
1747653475 2048
1243960092 2048
486679442 320
1234657800 2048
476564846 960
1606347506 1472
1606347507 2049
1606347508 2048
1606347512 2048
1606347513 2048
1606347514 640
1267505148 128
1428642542 64
1234657795 2049
1428642543 128
1234657796 2048
1231884248 2048
812524770 192
42807794 960
2130615630 31730
331846464 2048
1808740691 472341
1785055778 2048
1231884249 2048
1627524435 320
331846465 1025
1808740692 472803
1785055779 2048
1279972322 2048
1042913591 1024
1279972323 2048
1042913592 2049
1949988532 2048
657262720 1921
1107972519 2048
2141079213 704
1279972324 2048
1042913593 2048
1949988533 2048
1107972520 2049
2141079214 2048
1279972325 1024
1042913594 2049
1949988534 2049
1107972521 2048
888064475 192
2141079215 2048
1042913595 1088
1949988535 2048
1264107523 1792
1107972522 2048
2141079216 2048
1438954371 2048
105288715 320
2052242821 2048
1470349412 128
1585077734 2048
1584054127 769
1585077735 1920
1584054128 2048
1584054129 2048
1584054130 2048
1584054131 1344
719538674 1216
1803373211 320
1686690086 576
1475061706 2048
1686690087 2049
1475061707 2048
1686690088 2048
1475061708 832
1686690089 2048
1686690090 1537
869851550 2048
869851551 2048
869851554 64
1721004728 448
1721004729 2048
1721004730 2048
1721004731 2048
1721004733 2048
1721004734 2048
1721004735 2048
1721004736 1664
975169498 320
1386022946 1536
1279972319 2048
1783743332 512
1344305409 448
1279972320 2049
1344305410 2048
1279972321 2049
1344305411 1664
1212361102 2048
207495093 128
1808740693 469582
1785055780 2048
1808740695 469751
1785055782 128
1190581301 2048
974273069 1729
1855200337 192
2082758265 512
953511937 1216
1231884245 2048
1339792163 320
2130615627 496370
42807791 2048
1591158103 1024
719538675 2048
804135413 897
1747653478 2049
1243960095 2048
1234657803 2049
719538676 896
804135414 2049
1747653479 2049
1243960096 2048
1234657804 2048
2082758264 1600
592716965 1920
1386022947 2048
1280600299 64
1386022948 2048
1280600300 2048
1728692859 129
1386022949 2048
1280600302 2050
1386022951 2048
1280600303 2048
1386022952 2048
1280600304 2048
1386022953 2048
974273070 2050
1190581302 384
954755779 1024
1234657793 1408
1234657794 2048
1747653472 1024
1234657797 2048
1747653473 2049
1243960090 384
1234657798 2048
1747653474 2048
1243960091 2048
1234657799 2048
1747653476 2049
1243960093 2049
1234657801 2049
1747653477 2048
1243960094 2049
1234657802 2048
1022564197 320
1475061704 1280
1475061705 2049
1540767048 192
2105408854 1088
1540767049 2048
2105408855 2048
1540767050 1921
