605118634 2048
605118633 2048
605118632 2048
605118630 2048
605118628 2049
605118627 1920
1024229467 1088
1609582971 64
1679620808 1600
1679620806 2048
1679620804 2048
1679620803 2048
1679620801 2048
1679620800 2049
1679620796 2048
1679620795 2048
1679620794 2049
1679620793 2048
972905379 768
1196080253 1984
1196080252 2048
1196080251 2048
1196080250 2048
1196080249 128
1000685422 768
1000685421 2048
1000685420 2049
1000685419 2048
1000685418 2048
1000685417 2049
605118636 1437
1510682567 1409
605118635 2048
1510682566 704
20479783 2048
20479782 2049
20479779 2048
20479778 2048
20479777 2050
20479776 2048
20479774 2048
20479773 2048
20479772 1344
1417538592 320
1679620799 2048
1428499948 192
1679620798 2048
1428499947 2048
1679620797 2049
1428499946 1920
765608926 192
1472147553 128
2052242820 128
1741357800 1728
1741357799 384
558903641 192
489314098 2048
489314097 2049
489314095 2048
489314093 2048
489314092 2050
489314091 448
2015641127 192
869055151 2049
1189286663 192
869055150 2049
869055149 896
1949988530 192
1307451815 1665
1307451814 2048
1307451813 2049
1307451812 2048
1307451811 448
1235306226 1472
1235306225 2049
1986099218 2048
1235306218 2048
1986099217 2049
1235306217 2048
1986099216 2049
1235306216 2048
1986099215 128
1235306215 2048
1235306214 2048
1235306213 2049
1235306212 2048
441453464 192
441453463 896
1766682703 1472
1766682702 640
1495478388 576
1235306224 2048
165635800 960
476564845 2048
476564844 2048
1330521799 2048
1330521798 512
317140590 768
317140589 2048
317140588 2048
1699107629 320
317140587 2049
317140586 1344
1000685415 2048
1747653474 1088
1609582972 64
1747653472 1024
1589511376 896
1589511375 1217
1389930800 192
1956148062 2048
1956148061 1728
711073333 2049
711073327 256
1164198464 2048
1164198463 2048
1164198462 2048
1164198456 2048
1164198455 2048
1950882021 1664
1164198454 2050
1950882020 448
1164198453 2048
1164198452 1984
869055153 1217
2025391709 1216
869055152 2048
2025391708 896
1264107523 320
1679620805 2049
2132271354 128
1570652405 576
2141191826 2048
1396453966 2048
954045834 896
1231884242 64
953511933 320
1231884241 512
1613959504 1088
2039946063 192
717091202 2048
717091201 2048
717091200 2048
717091199 2048
717091198 2048
1956148063 384
717091197 512
202673303 128
972905378 2048
2111737478 512
972905377 2048
2111737477 2049
972905376 2049
2111737476 2048
972905374 2048
2111737474 2048
972905373 2049
2111737473 2048
972905372 2048
2111737472 2048
972905371 1344
2111737471 2048
2111737470 1600
425418623 1089
1507096187 576
1507096186 2048
1507096185 2048
1507096184 2048
1507096183 2048
1507096182 2048
1507096180 2048
1507096179 2048
1507096178 2048
1507096177 2048
1507096176 2049
1507096175 2048
1507096174 2048
1507096172 2049
1392838248 2048
1392838246 2048
1392838245 2048
1392838244 2048
1392838243 2048
1392838242 2048
1392838241 1856
706486987 832
706486986 2048
706486985 1280
711076238 1088
711076237 2048
711076236 2048
711076235 2048
711076234 1024
269623672 128
489314094 2048
1279972317 576
971725357 1088
605118629 2048
8070735 192
1986099223 1984
1235306223 2048
165635799 2048
1783743320 512
1986099222 2048
1235306222 2049
165635798 1152
1783743319 2048
1986099221 2048
1235306221 2048
1783743318 2048
1986099220 2048
1235306220 2048
1783743317 2048
1986099219 2049
1235306219 2048
1783743316 1601
1339671328 2048
1339671327 2048
1339671326 2048
1339671325 2049
1339671324 2048
305313677 128
1339671323 2049
305313676 960
1339671322 2049
1339671321 2048
1339671320 2049
73622502 768
1339671319 2048
73622501 1344
1339671318 2049
1048374723 192
1339671317 2048
1048374722 128
1339671316 2048
1339671315 2048
1339671314 320
845261519 2048
601544351 384
845261518 2048
845261516 2048
967733863 2049
1984602578 1024
967733862 2048
1984602577 2048
967733861 2048
967733856 2048
967733855 2048
967733854 2049
967733853 2048
967733852 2049
1971373306 192
967733851 256
2075847051 448
2075847050 1664
1990188133 576
901073612 576
225663228 192
225663227 2048
1460844137 320
225663226 2048
225663225 2048
577934856 192
845261524 64
225663224 2048
845261523 2048
225663223 2048
601544350 704
845261517 2048
2040700304 192
1211746562 128
717091205 1600
1046190282 1216
1279825992 128
1916273329 448
249132598 1217
2141191836 1728
1916273328 2048
19865197 128
1392838249 256
150028527 704
476564849 2048
1606347509 2048
1803373217 2049
1695206434 1088
1187787920 1985
1695206433 1024
1187787919 2049
1187787917 2049
1187787916 2049
974273069 1728
1187787915 2048
2082758264 1601
1187787913 2048
101560193 576
1187787912 2048
101560192 512
1585077720 128
419205982 1344
1585077719 192
419205981 2049
419205980 2048
419205979 2048
419205978 768
597742370 1280
888064475 128
597742369 2048
1475366094 320
597742368 832
972905375 2049
2111737475 2048
869851550 128
1279723428 576
1648776319 256
1055439535 576
1144748414 64
1144748413 64
709563685 1600
1392838247 2048
1725256561 1088
1785055781 2048
711073332 2048
1160247166 896
711073331 2048
1160247165 2048
2141191834 2049
1137110997 2048
711073330 2048
1160247164 2048
1660065162 1536
1000685416 2048
486679442 128
2141191833 2048
1137110996 2048
711073329 2048
1160247163 2048
974551228 1024
2062343821 128
1660065161 2048
2141191832 2048
1137110995 2049
711073328 2048
1160247162 1216
2141191831 2048
1137110994 2048
2141191830 2049
1137110993 2049
425626204 576
2141191829 2048
1396453969 1344
547563265 1985
1137110992 2048
2141191828 2048
1396453968 2048
547563264 2048
1137110991 2049
1810254448 704
1591158104 2049
309013190 128
322477598 2048
309013189 64
322477597 64
1187787918 2048
247901910 128
1648776321 1856
732790827 128
2130615622 1005
1648776320 2049
1107972518 256
897379176 192
1984602576 1088
967733860 2048
1488572383 704
974273072 2048
954755781 2048
476564843 2048
858572092 1088
1187787904 128
967733859 2048
1488572382 1408
974273071 2048
954755780 2048
476564842 1152
858572091 2049
858572090 1024
680171915 2048
680171914 2048
680171913 2048
680171912 2049
680171911 2048
1356196862 215521
1330521800 2049
1493403957 1536
230265521 192
386104419 1536
1164198457 2048
739562357 98130
954923503 64
954755793 2048
546781669 128
1998085581 444342
1679620792 512
1063099967 64
150028528 384
476564850 2048
1606347510 2048
1803373218 2048
680171916 2049
1507096173 2048
1299200815 320
1540767053 2048
2141191823 2048
1396453963 2048
1421887769 2049
84973852 150622
2141191822 2048
1396453962 2048
1421887768 2048
84973851 436056
122749718 99855
974273073 384
954755782 2048
1164198461 2049
739562361 1664
1022919462 2048
84973840 441628
680171922 2048
2062343805 1985
1407731048 442136
1507096171 1536
1799984180 192
314430520 128
249132600 896
489314096 2049
1344305409 192
407824106 640
1164198460 2049
739562360 2048
2082758265 512
1855200337 576
1330521804 2048
1493403961 2048
84973848 442802
1164198459 2048
739562359 2048
1696918808 128
876853987 385
407824104 2048
1810254449 384
2116281825 576
2141191821 2048
1396453961 768
122749717 26015
84973850 443288
1421887767 512
1164548109 30823
1187787914 2049
909610790 29214
1356196863 254692
1164198458 2048
954923504 128
739562358 338214
1164548110 432361
1164548111 441271
84973847 462376
876853986 2048
407824103 2048
1895929540 320
1330521803 2050
1493403960 2048
207495109 1920
279237478 2048
1000685414 1344
1747653473 2048
1243960090 192
314430519 1984
249132599 2048
2141191820 384
84973849 451821
974273070 2048
954755779 1024
407824105 2048
1330521802 2048
1493403959 2048
207495108 2048
279237477 1536
1186208825 192
161310949 128
1998085580 447710
1187787906 2048
1994558790 64
1283110023 85063
489314105 2048
1042913597 2048
967733864 2048
1785055774 1984
2141191835 2048
1137110998 1536
1916273327 1665
1339671329 2048
407824098 1472
84973842 432383
680171924 2048
1330521806 1601
1493403963 2048
709563670 2048
876853983 1728
605118631 2050
150818999 320
407824100 2048
1330521801 2048
1493403958 2048
207495107 2049
1283110022 152814
489314104 2048
1042913596 2048
1079209299 128
1063099965 2048
84973845 432544
876853984 2048
407824101 2048
1022919463 704
84973841 426121
680171923 2048
1330521805 2048
1493403962 2049
709563669 512
12111458 512
1164198465 2048
833552333 1280
1164198466 2048
1287932923 1792
833552334 2048
12111459 1600
589685764 1088
84973846 453546
876853985 2048
407824102 2049
1063099966 2049
1438954359 320
1339671330 1793
407824099 2048
1197609827 128
617252178 576
386104417 576
1224239470 576
1211746561 448
5882065 320
313137169 1088
1660065153 2048
1407731056 14313
2062343813 2048
711073334 2049
1998085578 428626
1190581294 192
1235306210 640
1476034622 2048
709563675 2048
711073335 1856
1998085579 427688
2141191827 2048
1396453967 2048
547563263 128
1137110990 576
1235306211 2048
1476034623 2048
709563676 2048
322477599 2048
1679620802 2048
42807778 576
370564513 576
954755789 2048
84973843 443804
680171925 2048
1847832783 576
1493403964 2049
709563671 2048
1476034619 64
1493403965 576
709563672 2048
388122321 1088
84973844 449448
680171926 128
1476034620 2048
709563673 2048
1476034621 2048
709563674 2048
1389930801 384
680171910 1984
833552337 832
386104418 2048
1187787905 2048
1022564200 2049
1022564201 256
20479780 2048
552095565 1792
20479781 2048
552095566 321
1998085582 13341
954755794 2048
221412909 896
1073431444 1408
1591158113 2048
342615970 2048
709563683 2048
1591158115 2048
342615972 2049
709563684 2048
1712738743 1216
1591158117 2048
342615974 2048
218258107 1344
1712738744 2048
1540767052 2049
680171918 2048
1687987867 2048
84973836 881
2141191824 2049
1396453964 2049
1421887770 2048
1164198467 2049
395561657 576
833552335 2048
1287932924 2048
2141191825 2048
1396453965 2048
1421887771 1600
1164198468 128
833552336 2048
1287932925 320
657262716 192
657262717 384
207495106 2048
1446432200 1216
279237479 576
1946267426 39319
1940039282 576
709563677 2048
709563678 2049
709563679 2048
709563680 2048
709563681 2048
709563682 2048
20479784 2049
1290539854 1408
1606347522 641
20479785 2049
1290539855 2048
20479786 2048
459713653 128
1290539856 2049
20479787 2048
459713654 2048
1290539857 2048
804135413 192
20479788 768
459713655 1984
1290539858 704
476564846 2048
1606347506 1472
647354941 192
1803373214 2048
476564847 2048
1606347507 2048
647354942 1920
1803373215 2048
476564848 2049
1606347508 2048
1803373216 2048
476564851 2048
1606347511 2048
1803373219 2048
476564852 2048
1606347512 2049
1803373220 2049
476564853 2048
1606347513 2048
1803373221 2048
476564854 2048
1606347514 2048
1803373222 2048
1267505148 192
476564855 2049
1606347515 2048
1803373223 2048
1234657793 320
476564856 2048
2044640951 768
1606347516 2048
1803373224 2048
1666520748 832
476564857 2049
2044640952 1344
1606347517 2048
1428642542 64
1803373225 2048
1666520749 256
476564858 960
1606347518 2049
1428642543 64
1803373226 2048
1606347519 2048
1927805245 1088
1803373227 896
1606347520 2048
1606347521 2048
1591158105 2048
331846463 192
967733867 1856
1808740690 44735
1785055777 2048
489314099 2048
1042913591 1024
489314100 2048
1042913592 2048
1107972519 832
2141079213 576
489314101 2049
1042913593 2048
489314102 2048
1042913594 2048
489314103 2048
1042913595 2048
489314106 2048
1042913598 2049
967733865 2048
1785055775 2049
489314107 1664
1042913599 1088
967733866 2048
1785055776 2049
105288722 2048
1529883464 385
105288723 1344
1529883465 2050
2052242821 960
1470349412 1408
1470349413 704
1529883466 1728
1507096181 2049
1584054127 320
719538674 320
1803373211 1216
1803373212 2048
1803373213 2048
1187787907 2048
1994558791 1024
1827990318 1281
1187787908 2048
1827990319 2049
1187787909 2048
1827990320 2048
1187787910 2048
1827990321 2048
1187787911 2048
1827990322 832
1686690086 576
688766890 192
1712738751 896
105288720 2048
218258114 2048
1022564199 2048
1475061706 832
1686690087 512
105288721 2050
218258115 768
967733857 2048
1435985818 576
1280600300 128
1728692859 192
954045835 192
1721004728 448
1660065149 2048
1407731052 447314
2062343809 2048
1721004729 128
1660065150 2049
1407731053 443846
2062343810 2048
1540767054 2048
207495093 192
1540767055 2049
207495094 2049
207495096 2048
207495097 2049
1474065136 2048
1540767050 2049
121522082 2048
207495098 2048
1474065137 2048
1212361099 320
1540767051 2048
121522083 1600
207495099 2048
207495100 2048
207495101 2048
207495102 2049
207495103 2049
1446432198 896
207495104 2048
1446432199 2048
207495105 2048
1785055778 2048
1785055779 2048
1785055780 2048
1785055782 128
1712738745 2048
218258108 2048
1591158103 1024
1280600299 64
812524770 128
1591158106 2048
1627524435 704
1591158107 2048
1627524436 384
1591158108 2048
1809222997 192
1591158109 2048
342615967 1088
1591158110 2048
342615968 2048
1591158111 2048
342615969 2048
1591158112 2048
342615973 2049
1591158116 2048
342615975 1025
1591158118 2048
1591158119 1088
1712738746 2049
105288715 768
218258109 2048
1712738747 2050
105288716 2048
218258110 2048
1712738748 2048
105288717 2049
218258111 2048
1712738749 2048
105288718 2048
218258112 2048
1022564197 1856
1475061704 1280
990651106 128
1712738750 2048
908703769 26390
105288719 2049
218258113 2048
1022564198 2049
1475061705 2048
221412911 1217
592716965 128
954755788 2049
975169498 192
1386022946 1537
1660065157 2048
2062343817 2048
1386022947 576
2104990413 1088
1660065158 2049
2062343818 2048
710905536 1856
589602007 1408
954755783 2048
710905537 256
589602008 2048
954755784 2048
589602009 2048
1776241990 1024
954755785 2048
589602011 705
954755787 2049
954755790 2048
954755791 2048
954755792 2048
221412910 2048
954755795 1088
207495095 2048
1540767056 1920
1203593675 320
1660065146 576
1407731049 443459
2062343806 2048
20479775 2048
78040202 320
1660065147 2048
1407731050 446300
2062343807 2049
1660065148 2048
1407731051 431161
2062343808 2048
270467080 576
1660065151 2048
1407731054 447482
2062343811 2048
1660065152 2048
1407731055 438974
2062343812 2049
1660065154 2048
2062343814 2048
1660065155 2048
2062343815 2050
1660065156 2048
2062343816 2048
974551226 1088
2104990414 2048
1660065159 2049
2062343819 2048
974551227 2048
2104990415 1024
1660065160 2048
2062343820 2049
589602010 2048
1776241991 1088
954755786 2048
1664871775 320
1088442692 128
1474065132 2048
121522078 2048
221795640 2048
1474065133 2048
121522079 2048
221795641 2048
1474065134 2048
1540767048 192
121522080 2048
221795642 2048
1474065135 2048
2105408854 1088
1540767049 2049
121522081 2048
221795643 384
717091203 2048
1046190280 896
717091204 2049
1046190281 2048
1679620807 2048
1339792155 320
1022919461 1409
680171921 2048
84973839 443210
1687987870 1216
680171917 2048
1687987866 896
84973837 347845
680171919 2049
1687987868 2048
680171920 2048
84973838 483711
1687987869 2048
1591158114 2049
342615971 2048
1073431445 704
1474065129 64
121522075 512
1474065130 2048
121522076 2048
1474065131 2048
221795639 1728
121522077 2049
868244017 576
967733858 2048
1435985819 512
1046325779 192
845261520 2048
225663220 1920
845261521 2048
225663221 2049
845261522 2048
225663222 2049
