1094589422 609
1094589421 856
328480022 329
2135778016 56
2135778015 661
2135778014 743
2135778013 777
2135778012 834
2135778011 717
2135778005 877
2135778004 926
2135778003 1045
2135778002 851
2135778001 784
2135778000 948
862784406 545
862784405 932
862784404 773
862784403 755
862784402 382
1166461206 679
1166461205 642
1166461204 721
1166461203 1082
1166461202 852
1541498340 452
1541498339 752
1315950008 806
1315950007 1006
1315950006 168
2072139849 983
2072139848 990
2072139847 966
2072139846 1064
2072139845 880
2072139844 853
2072139843 859
2072139842 796
2072139841 840
2072139840 1081
2072139839 308
1063943750 57
1572781566 492
1572781565 1052
1572781564 1020
1572781563 929
1572781562 1082
1572781561 859
1572781560 898
1572781559 1082
1572781558 1102
1572781557 1108
1572781556 1150
1572781554 856
1572781553 992
1572781552 961
1572781551 994
1572781550 580
554704431 131
552393999 64
552393998 539
519839283 90
167073941 660
167073940 1123
167073939 1076
167073938 1175
167073937 882
167073936 1044
167073935 1152
167073934 1064
167073933 310
1399447948 71
164941860 297
1257203 1221
1257202 1168
1257201 1072
1257199 1052
1257198 1165
1257197 1054
1257196 1209
1257194 1079
1257193 1055
1257192 1111
1257191 1183
1257190 1039
1257189 919
1257188 649
1691881123 1128
1691881122 1124
1691881121 190
917113054 248
917113053 1225
917113052 878
1656906288 483
1656906286 1063
1656906284 482
1296246751 80
1296246750 478
1309704336 116
1656109834 119
1094635041 837
1669310592 187
1094589420 140
1535544051 810
1535544050 1204
1535544049 1013
1535544048 909
1535544045 1043
1535544044 1158
1535544043 399
388997588 739
388997587 1060
388997586 389
2117231359 342
2075899777 224
2035485584 49
1060793843 1219
1060793842 1201
2083098153 125
1597678888 68
1597678887 543
1460726351 221
1178752246 516
1173093824 593
1173093823 1082
1173093822 636
396195063 281
396195062 905
508078869 85
2103230339 128
2103230338 1054
2103230337 1096
2103230336 1249
2103230335 1396
2056123611 1040
2056123610 311
1778302704 122
686957243 362
686957242 377
107188650 110
798786912 1245
798786911 1128
798786910 72
2103230329 1108
1249440077 1002
2103230328 1131
1249440076 1273
2103230327 1319
1249440075 1354
2103230326 1037
1249440074 1154
2103230325 1109
1249440073 1312
2103230324 1101
1249440072 1185
2103230323 1222
1249440071 899
1445220488 1382
1445220487 1021
1445220484 1157
1445220480 1257
1445220479 1176
1445220478 1344
1445220477 1292
1445220476 1177
1445220475 1040
1445220474 1509
1445220473 232
1493186204 329
1493186203 305
927915990 160
927915989 136
523036219 68
2053861873 1431
2053861872 54
1813916499 1086
1813916498 1294
1813916497 1212
1813916496 1300
1813916486 1434
1813916485 1377
1813916484 1232
1813916483 56
1934353910 108
1934353909 1221
201169655 667
53915558 117
53915557 1167
1656906285 720
1827020403 599
1901677938 49
448847134 178
1102201876 112
1936706786 178
964742104 1142
964742103 1254
964742102 1343
964742101 1330
964742100 1074
964742097 1238
964742096 249
1605622669 69
1166461201 809
1929700227 77
1166461200 908
1929700226 1245
1445220486 1160
2138946868 396
1445220485 1035
2138946867 53
1306639598 366
1306639597 1325
1306639596 1244
1306639595 1355
1306639594 1235
1306639593 1213
1306639592 1175
1306639591 1225
1306639590 909
636428564 1140
636428563 1225
636428562 1330
636428561 1243
636428560 1286
636428559 1108
636428558 1327
636428557 1169
780759277 1382
681234233 125
262755141 959
262755140 1253
262755139 1223
262755138 1431
262755137 535
679464581 894
679464580 515
111821216 40
1269227299 261
1269227298 1289
1269227297 1334
1511072054 183
261512932 324
1946267429 2160
1087654122 64
121522076 51
12111463 1465
1474065130 330
121522075 342
12111462 1248
1474065129 51
1046190281 136
1046190280 623
1664871779 561
954755779 192
313137175 449011
592716965 984
964742099 1312
719538675 567
1627524435 326
812524771 494
1224239473 1377
1785055780 1303
2135778010 622
207495097 1406
1094635052 1037
1937314406 1267
2135778009 909
207495096 1394
1094635051 1062
1937314405 1509
2135778008 879
207495095 1277
1540767056 1360
1094635050 1147
1937314404 1373
2135778007 765
552095565 128
207495094 1299
1094635049 1035
1937314403 1411
589602009 428
2135778006 860
207495093 114
1094635048 1233
1937314402 1408
1344305417 1267
1696918809 2271
343153637 53
1344305416 1342
1344305415 1270
1696918808 605
343153636 6406
1344305412 1449
1344305411 1971
1344305410 1758
1344305409 448
954045835 1282
732790827 188
869851554 1354
1371238789 115
2111737479 1278
1029952486 1386
1029952485 1443
964742098 1302
719538674 837
1529883465 451
395561668 1530
1529883464 384
395561667 1430
2111737481 1527
1613959504 355
105288716 1476
1664871777 1480
597742384 702
869851555 1282
1649027739 96
2111737480 1268
105288715 697
546781670 2325
1290539854 734
546781669 1290
12111466 1118
12111465 1414
12111464 1856
221795639 808
617252179 462371
12111461 1819
386104417 212
617252178 243393
12111460 1637
12111459 1652
1186208826 1632
1774302562 1252
597742373 1383
1438954361 388
1186208825 399
1488572383 423
1060793847 443
1435985821 1563
1488572382 455
1060793846 1075
1435985820 1758
967733859 1199
486679442 106
636428569 1160
2104990417 1217
636428568 1203
2104990416 1650
636428566 1088
2104990414 1613
636428565 1075
2104990413 622
1660065157 1411
1660065156 1492
1660065155 1609
1660065154 1901
1660065153 1691
2044640953 1344
1666520749 131
1660065152 1243
2044640952 1450
858572106 559
1666520748 627
2044640951 354
858572105 766
1660065150 1437
1660065149 1349
1660065148 1405
1946267442 1932
1211746561 108
1190581296 15336
1660065146 444
8070737 1461
876853983 81
1137110998 1067
2141191835 1213
150028535 878
1946267441 2290
313137171 470650
1190581298 2172
1785055782 79
1435985833 1361
313137170 447680
1190581297 16635
218258107 226
1785055781 1296
804135414 924
1435985832 1300
1224239472 1701
647354942 758
1803373215 1591
1224239471 1331
1081776222 125
647354941 192
1803373214 1464
1189286673 1196
1022564197 1303
1470349414 1553
1189286672 1368
1470349413 1442
1189286671 1287
1428642543 64
1299200817 1202
1799984184 1048
1470349412 1247
2052242821 61
1189286670 1441
1428642542 64
1299200816 1603
597742380 1281
1712738743 829
1094635047 843
1937314401 381
1299200815 568
1799984182 1469
908703769 151
990651106 356
597742379 1418
1808740694 64126
597742378 1526
1212361099 28253
1808740693 148046
597742377 1387
161310953 768
1186208829 706
2105408855 867
161310952 1272
1186208828 1328
1073084480 27
1088442692 193
1946267440 2271
370564518 816
1493403963 449023
2105408854 628
161310951 1582
1186208827 1188
1774302561 1379
597742372 828
1438954360 1687
597742371 2003
1438954359 411
546781672 2184
597742369 1366
1660065147 1227
2040700304 642
845261517 1504
1572781555 821
601544350 274
636428567 1216
2104990415 1260
804135413 740
1435985831 1416
974551227 799
2062343805 423
1407731048 349
1137110997 1535
2141191834 1312
1137110996 1621
358268629 209
1137110995 1348
1721004728 128
2141191832 1439
680171912 1686
901073622 1424
1190581295 357687
1190581294 366747
1421887767 512
1396453961 529
2141191821 1338
2116281825 249
1203593678 1577
1356196872 149705
909610799 155671
780759275 64
1810254449 769
370564516 1348
1493403961 447419
1946267438 2261
680171922 1891
1022919462 598
370564515 1540
1493403960 448768
1946267437 2227
680171921 1365
1022919461 792
1022564201 257
1356196870 144318
1946267433 2208
1330521799 438
1022564200 1591
1356196869 144866
1470349416 450
1022564199 1295
1470349415 1818
1022564198 1959
1356196867 45911
1785055776 1554
1435985827 1335
1257195 1074
1725256561 414
12111458 343
1493403965 125071
370564520 1279
1834238908 20
313137173 453177
1476034620 528
395561672 1506
631016544 1610
1476034619 61
395561671 1415
631016543 8
1426647522 263
1946267439 2194
370564517 1263
1493403962 456016
680171917 1354
901073627 1288
1813916494 1284
2082758271 1348
314430523 31947
1660065159 1466
240578408 1433
314430522 445258
1813916495 1196
2082758272 373
1660065161 1470
101560193 64
240578410 1421
1774302563 62
597742374 1712
1808740690 81620
1785055777 1031
1435985828 1001
42807778 42288
1445220489 1166
1330521798 328
1493403964 445888
370564519 1622
313137172 462758
1946267435 2194
370564513 574
1493403958 446381
1660065160 1389
240578409 1557
101560192 301
313137177 84712
869851550 1610
2111737475 1392
909610790 146758
1279723429 1612
1946267430 2213
1940039286 698
1087654123 324
313137176 449035
1696918812 2185
1799984181 1261
1386022946 128
975169498 1239
1916273327 714
1493403957 327444
1946267434 2221
680171918 1350
901073628 1067
314430520 461412
546781673 1066
597742370 1678
342615967 94
1809222998 1589
869851552 1425
2111737477 1466
1946267431 2235
1648776319 183
1946267436 2261
370564514 1422
1493403959 426548
370564521 305
313137174 440866
1660065158 1563
240578407 402
314430521 457463
869851553 1524
1371238788 1356
2111737478 1412
1946267432 2225
1648776320 210
1279723428 827
1696918824 332737
395561665 1466
1696918821 476866
395561662 1403
1356196871 150444
909610798 150157
1810254448 555
832498999 75
1224239470 973
1696918820 445626
1664871778 1429
1267505148 128
395561661 1323
909610797 151582
1696918823 456522
395561664 1514
1356196873 147228
1946267426 27053
1940039282 689
909610800 152341
105288717 1344
1799984183 1263
1000685414 196
812524770 184
780759276 1198
1810254450 818
1696918822 451133
395561663 1324
869851557 1409
1728692860 863
975169502 557
680171919 1472
845261516 1566
1426647506 1056
1813916490 1478
2082758267 1518
597742368 706
546781671 2176
1664871776 1382
1827990318 320
597742383 1421
1998085580 67
459713669 1378
909610794 145807
1287932925 226
395561658 1416
1344305414 1516
1813916488 1365
2082758265 1492
322477598 60565
309013190 748
313137169 384578
1356196878 83449
897379180 1482
858572094 1513
150818999 291
833552333 955
1046325794 1456
1696918810 2231
150028532 1409
1696918818 451689
395561659 1566
680171924 1292
1591158106 1706
73622512 1283
909610795 151516
1695206433 707
680171910 793
901073620 1445
1389930801 78
270467080 1233
279237477 1113
680171911 1644
901073621 1427
680171925 1358
909610796 153950
1695206434 4
1696918819 443023
395561660 1363
680171920 1276
270467081 83
279237478 520
597742375 1342
1808740691 149210
1785055778 1401
1435985829 1207
597742376 1700
1808740692 146642
1785055779 1662
974551226 636
1435985830 1472
869851551 1437
2111737476 1423
909610791 145333
1279723430 768
680171923 1311
1813916489 1325
2082758266 1485
909610792 147530
909610793 147303
869851556 1552
1728692859 710
1280600300 388
975169501 624
1049384560 50
617252180 239507
1696918811 2248
1799984180 102
314430519 426587
680171913 1638
901073623 1596
680171914 1249
901073624 1499
680171915 1148
901073625 1474
868244017 126
680171916 1556
901073626 1624
909610801 146483
709563669 346
1946267427 131681
1895929541 1034
1073431444 112
1809223001 350
1189286676 1445
221412910 1497
1063099967 1561
709563670 932
1946267428 2262
1895929542 860
1189286677 1280
221412911 777
1063099968 1694
1356196874 145847
1257204 361
1855200337 700
897379176 1090
858572090 738
1220465664 647
1584054127 120
1046325790 1330
1339792155 1253
1356196875 142211
1855200338 1213
897379177 1857
858572091 1333
1220465665 614
1046325791 1447
476564842 124
1187787904 50
1339792156 174
1356196876 142834
1855200339 791
897379178 1603
858572092 1223
1220465666 372
1046325792 1425
1187787905 730
1356196877 139424
897379179 1225
858572093 1438
1046325793 1336
858572097 959
1606347508 1412
858572098 1640
1606347509 1462
1606347510 503
858572100 1464
858572101 1401
858572102 1489
858572103 1447
858572104 1683
1224239474 328
1063099972 1226
1428499946 179
1063099973 64
897379181 1536
1107972519 1929
1445220483 1308
1949988532 326
1293268186 1345
1510682580 1370
897379182 1418
1510682581 1255
897379183 1216
247901921 1414
1392838241 1275
888064475 141
1510682582 949
897379184 1561
247901922 1772
1392838242 1615
1656906287 929
1264107523 712
247901924 1453
1392838244 1514
1785055774 1446
247901926 187
1435985825 1235
1785055775 1536
1435985826 822
1166461207 882
230265521 290
150028527 544
19865197 827
19865198 679
508078868 405
1421887768 1188
1396453962 939
2141191822 1635
1107972518 215
1445220482 731
1949988531 1328
1293268185 1143
1510682579 1390
161310949 926
1446432201 1589
1937314416 1334
459713662 1454
1160247162 446
1287932923 1323
161310950 1519
1446432202 964
1937314417 1002
459713663 1507
1287932924 1541
395561657 757
459713664 1580
459713665 1388
459713666 1589
597742381 1529
1998085578 2276
1686690086 454
459713667 1412
1664871775 970
597742382 1371
1998085579 2202
1686690087 389
459713668 1331
1189286674 1198
1063099965 1649
1356196868 146014
1079209299 42
1189286678 1153
1063099969 1230
1063099971 993
1776241993 1512
909610805 148528
247901911 1401
1776241994 1646
909610806 4307
247901912 1979
1803373211 734
1776241995 1372
247901913 2048
1984602576 645
441453463 273
967733851 230
1776241990 746
589685764 872
331846463 397
909610802 147602
1971373306 710
1803373212 1721
1776241996 1349
247901914 1468
967733852 1597
1776241991 1482
589685765 1526
909610803 146085
1971373307 1400
1803373213 1692
1776241997 1653
247901915 720
967733853 1417
1776241992 1208
589685766 466
909610804 146432
247901910 1455
1971373308 669
1606347506 329
858572095 1407
1046325795 240
1776241998 774
247901916 1496
967733854 1392
858572096 1768
247901917 1668
967733855 1309
1803373216 1686
247901918 1424
967733856 1301
1507096171 193
247901919 1358
1060793844 1015
1435985818 409
967733857 1438
1803373218 1303
247901920 1522
1060793845 1148
1435985819 1304
967733858 1421
1803373219 704
150028529 1387
150028530 1302
150028531 1076
1392838243 1218
247901923 1770
1435985822 1523
150028533 1562
765608926 708
1756839183 128
1392838245 252
247901925 1394
150028534 1907
1344305413 1467
1813916487 977
2082758264 1329
322477597 14316
459713653 38
459713654 1494
1144748413 64
1060793841 1305
1029952496 382
459713655 1171
1144748414 128
459713656 1130
459713657 1142
459713658 1475
1446432198 790
1937314413 1619
459713659 1427
1446432199 1613
1937314414 1301
459713660 1484
1446432200 1514
1937314415 607
459713661 1587
1137110990 519
2141191827 1425
1293268171 1459
1234657793 512
1137110991 1626
547563264 1530
2141191828 1508
1234657794 568
1137110992 1669
547563265 1389
2141191829 1061
425626204 771
1137110993 1262
2141191830 1411
358268628 686
1137110994 1275
2141191831 1276
1435985834 1170
1280600299 45
975169500 1306
1046325779 1265
1075095322 425
2141079213 460
1046325780 1440
2141079214 1487
1046325781 1566
1197609827 124241
2141079215 1390
1046325782 1708
2141079216 1671
1046325783 1672
2141079217 930
1046325784 1523
1046325785 1287
1046325786 1417
1046325787 1559
1046325788 1158
1220465663 205
1046325789 1201
8070751 207
1293268182 1454
1510682576 538
1541498338 750
657262717 797
1293268183 1135
1510682577 1350
1813916491 1282
2082758268 1311
78040202 698
2072139853 791
20479775 1566
1203593675 946
1203593676 1616
1203593677 1337
1203593679 1342
1203593680 1337
1203593681 1458
1203593682 1388
309013189 42
1203593683 504
225663220 252
845261520 64
901073612 600
1535544046 1199
1990188133 583
901073613 1336
1535544047 1249
1990188134 97
901073614 1284
901073615 1612
1685967257 864
901073617 1237
901073618 1335
901073619 1542
1389930800 168
2075847050 1047
157670954 546
2075847051 268
845261518 1385
845261519 1569
975169499 1463
1940039283 1346
1339671314 171
1940039284 1578
1339671315 1440
1940039285 1410
1339671316 1034
1783743316 83
2103230334 1210
954923504 128
1986099219 1407
631016555 1290
683267494 113
1430049946 1237
8070735 1282
8070736 1619
8070738 1616
1696918813 2217
1367947609 1111
8070739 1369
1696918814 2272
1367947610 1219
8070740 1311
1679620792 387
1696918815 2297
1367947611 1197
1322437649 752
8070741 1508
1293268172 1632
1510682566 526
1679620793 329
1696918816 2215
1367947612 1495
1322437650 284
8070742 1398
1293268173 1303
1510682567 1454
1696918817 359232
1367947613 94
1004098874 84
8070743 1470
1293268174 1386
1510682568 1250
8070744 1636
1293268175 1278
1510682569 1345
8070745 1570
1293268176 1360
1510682570 1306
8070746 1464
1293268177 1356
1510682571 1138
8070747 1337
1293268178 1324
1510682572 1404
8070748 1345
1293268179 1374
1510682573 1268
8070749 1552
8070750 1428
971725357 719
971725358 1543
1956148061 604
971725359 720
2141191833 1265
1279972317 113
636428570 1338
2104990418 1373
636428571 1391
2104990419 1380
636428572 1387
2104990420 1440
636428573 125
2104990421 1572
1540767048 130
1055439535 455
2104990422 1632
1540767050 1426
2104990424 1403
1540767051 1420
2104990425 1506
1540767052 1394
2104990426 1458
1540767053 1418
2104990427 1475
1540767054 1596
2104990428 1521
1540767055 1653
2104990429 636
269623672 455
711076234 750
711076235 1429
711076236 1476
1048374722 95
711076237 1463
1166461208 216
150028528 1356
230265522 405
1540767049 1678
2104990423 1460
1055439536 246
395561666 665
395561669 1645
395561670 1433
1475366094 128
901073616 1319
202673303 100
425418623 1053
425418624 1168
710905536 1323
425418625 1659
710905537 1658
425418626 1533
710905538 111
425418627 1354
425418628 1449
425418629 1529
425418630 1541
425418631 1406
425418632 1207
425418633 1477
425418634 1212
425418635 1543
425418636 1547
5882065 393
425418637 1399
5882066 1685
1847832783 193
425418638 1295
1292058887 183
5882067 1643
425418639 389
592716966 1281
2111737470 1277
592716967 1626
2111737471 1246
1660065151 1480
972905371 862
592716968 1423
2111737472 1547
592716969 192
2111737473 1609
2111737474 1441
2111737484 1429
2111737485 1517
2111737486 386
717091197 150
717091198 40
2039946063 129
711076238 692
1048374723 64
1231884241 100
953511933 698
954045834 579
954045836 1312
954045837 1271
954045838 939
1094635042 962
407824098 697
1570652405 374
1094635043 1082
1570652406 1356
1094635044 1154
1344950801 658
1570652407 1422
1094635045 1116
1570652408 1324
1094635046 1158
1570652409 845
1803373217 925
2132271354 228
2025391708 550
1107972522 1198
1189286665 1215
2025391709 834
1107972523 1366
1189286666 1398
1164198452 116
711073327 92
1435985823 1738
1589511375 954
1959173236 1204
1435985824 1316
1589511376 509
730518634 91
1959173237 171
897379185 1232
89826202 856
388122321 1003
388122322 186
1460844137 158
589602008 1524
577934858 914
1094635040 506
1609582972 148
547563263 52
317140586 54
165635798 192
631016558 1487
1541498337 875
622527607 618
657262716 185
1430049949 415
1495478388 375
1307152554 362
1766682702 340
1766682703 1314
1766682704 911
953511934 1425
953511935 859
1606347507 1635
1235306210 102
631016546 1246
1307451811 220
1307451812 327
1445220481 1412
1949988530 1016
1293268184 1325
1510682578 1161
869055149 113
1813916492 1110
2082758269 1618
1585077719 192
1813916493 1327
2082758270 1567
1585077720 1333
2015641127 122
577934856 386
589602007 963
577934857 1254
489314091 66
1042913591 79
558903641 682
1809222997 1132
1809222999 1242
1809223000 1420
1741357799 217
1243960090 44046
1741357800 1058
2052242820 102
1107972526 1489
1189286669 1659
869851558 64
1472147553 249
2072139850 988
20479772 982
2072139851 670
20479773 1386
2072139852 1025
20479774 1378
2072139854 1053
20479776 1337
2072139855 671
20479777 1108
706486985 428
20479778 1270
20479779 1213
1792437025 280
20479780 579
73622501 824
1475061704 269
73622502 1369
73622503 1402
73622504 1457
73622505 1105
305313676 524
1747653472 148
73622506 1360
305313677 97
73622507 1217
73622508 1333
1591158103 940
73622509 1322
1591158104 1634
73622510 1406
1591158105 1471
73622511 1226
1591158107 748
73622513 1410
73622514 1280
73622515 1337
73622516 1615
1229566027 204
73622517 324
2103230330 1081
1249440078 1143
1986099215 108
631016551 1428
1430049942 1287
962239629 883
2103230331 1167
1249440079 413
1986099216 1340
631016552 1378
1430049943 1195
962239630 134
2103230332 1161
1986099217 1198
631016553 1447
1430049944 1273
2103230333 1183
954923503 69
1986099218 1307
631016554 1138
1430049945 1445
1257200 1064
1279825992 172
1510682575 1271
1293268181 1220
419205978 608
1196080249 95
419205979 263
1196080250 1303
1196080251 1491
1196080252 1384
1196080253 1241
1196080254 1175
1196080255 1262
1196080256 1301
1994558790 27
1196080257 1515
1994558791 63
1196080258 1402
891039676 776
739562357 343
1196080259 1229
891039677 1203
1196080260 1501
891039678 882
1196080261 1351
891039679 1111
1196080262 1452
891039680 319
1196080263 1526
1196080264 1373
1196080265 1089
1927805245 1168
1927805246 1489
1927805247 145
2140335116 400
2141191820 300
2141191823 1355
2141191824 1386
2141191825 1230
1687987866 545
2141191826 1507
1293268170 32
2141191836 1233
1510682574 1121
1293268180 1420
1699107629 175
1417538592 98
1107972520 1593
1189286663 771
1107972521 812
1189286664 1283
1107972524 1664
1189286667 1299
1107972525 1463
1189286668 1539
221412909 763
1063099966 1636
1189286675 1508
1063099970 1420
1189286679 410
1609582971 34
688766890 64
2111737482 1496
1024229467 1080
2111737483 1366
1024229468 245
605118627 109
1094635053 1165
1937314407 1354
1094635054 1027
1937314408 1246
1094635055 1116
1937314409 1073
1094635056 607
1937314410 1382
1937314411 1334
1937314412 1134
858588155 236
980104121 129
980104122 547
1862761696 354
840372651 39
840372652 1455
395561673 821
631016545 1295
631016547 1563
631016548 1568
631016549 1377
631016550 1496
1430049941 389
631016556 1189
1430049947 1267
631016557 1472
1541498336 635
622527606 444
1430049948 1388
631016559 1178
435581119 22
435581120 760
1178752247 1131
974273069 868
1029952480 855
1178752248 1121
1029952481 1172
1178752249 1192
1029952482 1476
1178752250 795
1029952483 1399
1029952484 1422
1719448054 744
249132598 924
1029952487 1266
1719448055 260
1029952488 1420
1029952489 1410
1029952490 1336
1029952491 1185
1029952492 1313
1029952493 1536
1060793839 536
1029952494 1149
1060793840 1119
1029952495 1332
1008101638 304
897379186 883
89826203 1343
897379187 1389
89826204 1287
897379188 1835
89826205 1283
897379189 1511
89826206 1380
897379190 1491
89826207 1344
897379191 1335
89826208 1174
897379192 240
89826209 1512
89826210 751
858572099 1500
1496727492 178
1426647507 1361
1950882020 246
1426647508 1449
1950882021 1290
1426647509 1382
1950882022 1303
1426647510 1235
1950882023 1458
1426647511 1401
1584790427 68
1950882024 1007
1426647512 1221
1426647513 1395
1426647514 1423
1426647515 1444
1426647516 1350
1426647517 1503
1426647518 1329
729873536 135
1426647519 1232
1426647520 1180
1426647521 1377
1660065162 1035
240578411 1017
