1284970288 612
1284970287 1381
1284970277 1391
1284970276 1012
1321426876 924
1321426875 1215
1321426874 1377
1321426873 1208
1321426872 440
1900596974 77
1793005385 113
886477593 172
1220465663 64
328480025 920
328480024 1339
328480023 1586
328480022 1320
2135778000 97
862784404 897
862784403 1422
862784402 528
1315950008 965
1315950007 1573
1315950006 439
1834238909 785
2072139840 1012
2072139839 470
1063943750 153
1322437649 93
1572781558 575
1572781554 1350
1572781553 1244
1572781552 1364
1572781551 1246
1572781550 862
554704432 297
554704431 407
552394005 1438
552394004 1374
552394003 1491
157670954 114
519839283 34
167073934 334
167073933 448
358268628 714
1257188 225
917113060 384
917113059 1443
917113058 1238
917113057 1382
917113056 1222
917113055 1289
1656906284 177
1296246752 788
1309704352 896
1309704348 1226
1309704347 1404
1309704346 1376
1309704343 1251
1309704342 1394
1309704341 1195
1309704340 1478
1309704339 1486
1309704338 1258
1309704337 1379
1309704336 572
1656109836 861
1656109835 1454
1656109834 612
1669310592 244
388997589 1282
388997588 1455
388997587 1319
388997586 555
2075899777 504
2035485588 517
2035485587 1409
2035485586 1332
2035485585 699
2035485584 836
1792437026 760
1792437025 612
1597678887 90
729873544 346
729873543 1292
729873542 1395
729873541 1424
729873540 1450
729873539 1332
729873538 1103
729873537 1236
729873536 900
1460726359 165
1460726358 1448
1460726357 1397
1460726356 1382
1460726355 1472
1460726354 1285
1178752246 517
1173093824 553
1173093823 1588
1173093822 799
1756839199 960
1756839198 1348
1756839197 1284
1756839196 1497
396195069 1337
508078868 41
2103230325 169
2103230324 1297
1649027739 127
1778302705 764
552394006 805
1778302704 698
686957254 1276
686957253 1218
686957252 717
686957251 1344
283130083 821
686957250 1396
686957249 1366
686957248 1537
686957247 1324
686957246 1387
686957245 1521
686957244 1410
686957243 1343
686957242 412
107188651 695
107188650 616
2103230323 1159
1249440071 144
1445220474 74
1445220473 294
1493186203 58
523036219 179
2053861873 346
2053861872 18
1371238788 843
1813916484 45
1813916483 197
1934353925 214
1934353924 1369
1934353923 1357
1934353922 1438
1934353921 1362
2056123611 108
1934353920 1233
2056123610 265
1934353919 1491
1934353918 1228
1934353915 1470
1934353914 1468
1934353912 1371
1934353911 1117
1934353910 1337
1934353909 1245
201169659 131
201169658 1134
201169657 1218
201169655 1261
1584790431 842
1584790430 1197
1584790429 1384
1584790428 1305
1584790427 339
53915557 72
1827020403 97
1901677941 1438
1901677940 1482
1901677939 1481
1901677938 1152
448847134 70
1102201877 409
1102201876 1006
1936706786 93
964742097 1054
964742096 279
1605622673 1018
1605622672 1469
1605622671 1423
1605622670 1421
1605622669 478
1929700227 85
1166461200 795
1929700226 1412
2138946869 938
2138946868 1001
2138946867 53
1901677942 180
636428557 356
780759276 1246
780759275 20
681234233 105
111821216 710
1269227299 251
1269227298 1040
1269227297 944
1511072054 53
261512932 248
868244017 456
1940039285 1976
279237482 999
1087654122 61
386104420 414715
1049384560 210
617252180 70462
617252179 140388
617252178 73350
1046190281 1623
1046190280 619
1073084480 362
1088442692 112
2062343805 499
954755779 88
1178752248 1396
974273070 1723
1386022947 355
1998085592 140772
1627524435 558
683267494 1252
812524770 128
1309704344 1475
221795639 638
1474065131 1471
1339792155 266
2132271356 688
1428499956 1057
1687987868 971
84973837 40
1685967270 1061
1687987867 1478
84973836 3996
1685967269 1388
1687987866 627
1685967268 1434
1178752253 1587
974273075 1263
1178752252 1560
974273074 1595
1212361104 2480
1212361103 2397
207495093 192
1212361102 2514
954045836 1499
1721004728 328
954045835 1463
732790827 1565
869851554 1605
869851553 1660
869851551 1421
1686690092 1484
1686690091 1710
1488572383 1605
1971373315 1607
1686690090 1704
1488572382 992
1971373314 1473
1686690089 1495
1971373313 1331
1686690088 1591
1971373312 1440
1686690087 1667
1686690086 448
1803373212 731
1803373211 883
719538676 687
552393999 1388
2025391721 1702
719538675 1390
804135413 116
552393998 624
2025391720 1905
719538674 881
679464581 965
2025391719 1490
1584054135 989
1008101639 113
1220465671 1050
1584054134 1439
1008101638 534
1220465670 1381
1584054133 1549
1220465669 1358
1584054132 1514
1220465667 1398
1584054130 1558
1220465666 1416
1584054129 1501
1220465665 1176
1584054128 1494
1220465664 1273
1584054127 539
679464580 398
2025391718 1534
732790829 1570
1613959504 471
869851555 1643
1428642546 1409
1428642544 1619
1428642543 1658
1606347506 1111
552095573 2395
1428642550 1799
207495101 1330
552095572 17128
1428642549 1537
207495100 1761
552095571 209741
1428642548 1748
207495099 1550
552095570 484773
1428642547 1520
207495098 1478
552095569 465424
1591158107 931
1747653479 1585
1000685420 1036
486679445 1567
1591158106 1657
1747653478 1763
1000685419 1211
486679444 1570
1591158105 1393
1747653477 1534
1000685418 1075
486679443 1568
1000685417 1280
486679442 1498
1591158103 778
1747653475 1669
1000685416 765
709563669 192
1488572398 578
1488572397 1614
1648776319 105
1488572394 1641
1488572393 1485
1488572392 1667
592716965 1327
1488572390 1420
798786911 123
1488572389 1376
798786910 85
1488572388 1657
1435985826 1142
1488572387 1278
1785055774 881
1488572386 1703
1971373318 1667
1488572385 1466
1488572384 1429
1971373316 1392
1046190288 889
1046190287 1708
1046190286 1625
2044640951 158
1834238908 625
313137173 26440
1660065150 1663
1046190285 1512
1211746564 1622
313137172 136058
1660065149 1498
1046190284 1298
1211746563 1592
313137171 136291
1660065148 1679
1046190282 1871
1211746561 256
5882065 448
313137169 116139
1660065146 430
876853997 846
317140588 1445
876853996 1742
1699107629 87
876853995 1649
876853994 1615
876853993 1623
876853992 1494
876853991 1305
876853985 1624
876853984 1594
8070737 166
876853983 1265
888064482 1560
845261518 1468
1572781556 1383
601544351 1642
888064481 1567
845261517 1985
1572781555 1271
601544350 579
888064480 1746
1107972526 1107
845261516 1513
1264107527 223
101560193 560
1060793839 659
974273083 1416
249132605 1551
974273082 1811
249132604 1651
425626204 396
1428642542 42
150028535 1067
765608928 1209
1234657794 531
150028534 1430
1756839194 1297
1392838256 1471
765608927 1140
150028533 1508
1756839193 1211
1392838255 1480
765608926 760
876853990 1542
395561661 860
1606347514 419
150028532 1512
1756839192 1060
1392838254 1439
1606347513 1276
150028531 1455
1756839191 1348
1392838253 908
1606347512 1667
150028530 1322
1756839190 1503
1392838252 1718
1606347511 1635
150028529 1533
1756839189 1304
1392838251 1459
1606347510 1711
150028528 1631
1756839188 1292
1392838250 1676
1606347509 1782
230265521 213
150028527 541
1756839187 1103
1392838249 1628
1211746562 1511
313137170 136329
218258107 273
1712738744 1246
1799984180 159
1971373317 1397
1507096171 128
1585077724 1483
1986099215 56
1430049941 128
1855200345 1024
1476034623 2460
1606347508 1474
1235306211 1041
1855200344 1690
1476034622 2508
1606347507 1517
1235306210 477
161310949 879
1438954361 786
1186208825 601
1855200343 1942
101560192 392
240578409 1046
1476034621 2462
1855200342 1516
240578408 1290
1476034620 2500
631016544 1568
1212361101 2445
1855200341 1549
240578407 326
386104418 1045
732790834 1761
386104417 336
732790833 1462
732790832 1642
1438954359 589
891039676 92
739562357 12402
954923503 3540
1435985822 1523
249132614 601
1719448054 266
1178752254 797
974273076 1117
249132598 1106
1386022946 1042
1998085591 141034
1060793842 1353
249132608 1213
1060793841 1328
974273085 223
249132607 1491
207495097 1553
552095568 494416
2015641131 1604
1060793840 1366
974273084 1904
249132606 1670
1470349418 1479
1022564201 63424
1438954365 1199
686957256 1226
647354942 739
1916273327 802
1493403957 8955
1940039290 939
869851552 1676
342615967 538
1809222998 960
1855200340 1400
1178752250 1413
974273072 1477
314430520 2429
974273078 1444
249132600 1598
1488572395 1522
386104419 1139
732790835 192
279237480 1860
207495096 1557
552095567 458478
322477599 2431
2082758266 1361
1855200338 996
1756839195 1242
1392838257 165
2105408854 4421
1474065135 1550
1107972523 1744
1476034626 2477
888064477 1434
1264107524 1463
1344950803 1306
407824102 497734
1728692863 1037
1438954362 1556
1186208826 201
1073431444 443
1809223001 160
279237493 446
1998085590 141125
869851550 1372
972905375 262
876853999 328
105288716 1442
317140590 952
1212361100 2454
1747653480 1550
1000685421 1509
1344950802 1423
407824101 470951
1728692862 1800
279237489 1820
1774302569 1417
597742380 1229
459713654 1650
1940039289 1571
1330521799 539
1087654126 1499
597742377 1545
1774302566 1080
1529883464 299
386104431 465720
1959173244 181
1855200353 407
89826209 1267
1234657793 963
1137110991 800
317140587 1547
547563264 53
1438954367 987
1488572391 1382
370564513 845
42807778 223
1428499951 989
1940039286 1495
1087654123 1494
386104428 468665
1959173241 1492
1855200350 1673
89826206 767
732790831 1693
1309704351 1354
202673305 310
1747653474 1590
1000685415 907
1428642545 1757
343153636 1102
486679446 128
1696918808 39037
279237479 1533
1940039282 757
1774302576 1358
1998085584 139815
1940039287 1492
711076234 942
1087654124 1522
386104429 463011
1959173242 1221
89826210 569
1994558791 529
1998085587 139577
279237490 1479
1774302567 1428
597742378 1696
1438954366 1405
546781672 136754
597742369 1631
1998085589 139446
597742374 1685
1774302563 1434
546781677 65478
279237481 1809
1686690093 1559
270467080 1478
279237477 1333
1438954360 1691
546781675 135908
1774302561 1211
597742372 1475
1299200815 55
1585077726 1543
1438954363 1541
1774302564 1329
597742375 1601
1344950804 1304
1937314401 497
407824103 496351
647354947 1594
386104424 479904
1435985824 1573
1589511376 1681
1855200346 1557
89826202 882
1022564197 435450
1470349414 1444
19865198 1726
2025391715 1515
1712738745 1304
459713653 95
1940039288 1667
1330521798 468
711076235 842
1087654125 1551
386104430 483858
1959173243 922
1855200352 1503
89826208 1502
597742370 1959
546781673 139991
1774302577 52
1998085585 139058
888064483 1218
845261519 1411
1572781557 1338
601544352 1005
597742381 1487
1774302570 1295
1998085578 16177
2082758267 1726
1855200339 1855
1178752249 1474
974273071 1521
314430519 2394
974273077 1523
249132599 1643
647354946 1496
386104423 469849
1435985823 1556
1589511375 1008
1959173236 1452
1470349413 1457
19865197 867
2025391714 1825
1137110990 456
317140586 954
547563263 120
1712738747 64
1293268171 1231
407824106 146034
732790830 1609
1309704350 1369
202673304 1795
1728692860 1578
869851557 1526
706486985 138
1747653473 1466
1000685414 638
546781670 141517
1042913592 827
386104427 460758
1855200349 1420
89826205 756
1438954364 1120
1774302565 1422
597742376 1639
1344950805 46
1937314402 317
407824104 471625
647354948 1422
2117231359 375
386104425 463952
1435985825 1823
1589511377 818
1959173238 1475
1855200347 1935
89826203 1447
19865199 762
2025391716 1638
1178752251 1419
974273073 1624
314430521 147
974273079 1560
249132601 1710
386104432 478110
1529883465 1725
1488572396 838
954923504 17367
1774302562 1502
597742373 1607
546781676 138628
1998085588 137751
869851556 1513
1728692859 294
1998085594 4205
1280600300 726
1529883466 1568
386104433 338761
597742368 684
546781671 135266
1421887767 94
1396453961 660
2141191821 996
1046190283 1571
1660065147 1604
89826207 1264
1855200351 1590
1107972524 1520
1476034627 1167
888064478 967
1306639590 344
1264107525 1741
207495094 1607
552095565 414701
1160247162 584
1287932923 190
1164198466 1506
2130615622 63
1428499959 986
1284970284 1331
2116281827 2060
1998085593 141524
1280600299 64
1004098874 211
1284970283 1410
2116281826 2060
1541498340 550
683267500 1452
657262719 1654
407824105 460784
1107972525 1651
888064479 1250
1264107526 1579
207495095 1671
552095566 465091
1998085586 136910
597742371 1405
546781674 138114
270467081 192
279237478 973
1470349415 1579
1022564198 474815
1470349417 1632
1022564200 478371
1470349412 1239
2025391713 1406
2052242821 469
386104422 469347
647354945 1476
546781669 80161
1664871777 561
597742384 967
1774302573 1431
1998085581 139391
647354949 1580
386104426 493901
1959173239 1369
1855200348 1761
89826204 1055
1022564199 457638
1470349416 957
2025391717 1611
1747653481 1655
1538995938 190
1290539854 1067
1000685422 971
279237488 1276
597742379 1399
1774302568 1423
876853998 1519
105288715 664
317140589 1403
1212361099 763
1474065137 1588
680171910 1664
1389930801 1702
927915992 1363
1685967261 1025
1959173240 1415
858572090 256
386104421 470338
686957258 1154
647354944 1532
1284970285 1316
2116281828 1828
1107972521 1640
1476034624 2439
888064475 448
1107972522 1321
1476034625 2458
888064476 1586
1264107523 1347
279237491 1344
1664871775 1039
1998085579 141377
597742382 1338
1774302571 1514
1063099965 1111
1079209299 1260
279237492 1446
1664871776 1495
597742383 1556
1827990318 320
1998085580 142663
1774302572 1331
221412909 88
1063099966 34
1079209300 1558
1164198457 1534
2015641137 1626
309013189 26
2082758265 1400
322477598 2489
2015641130 1472
309013190 709
201169656 1238
1279723428 168
1435985819 1609
249132611 1659
1747653476 1568
1591158104 1441
388997590 949
1810254448 374
1190581294 392
1160247163 303
407824099 493760
1344950801 1312
407824100 481264
12111458 139
1279825993 842
1220465668 1281
1584054131 1421
150818999 234
833552333 627
1164198465 1331
832498999 130
732790828 1595
1224239470 317
1197609827 39311
1187787904 125
1725256561 836
1756839185 1312
1392838247 1496
1144748413 64
1144748414 761
1187787905 41
686957255 1135
647354941 146
1055439536 250
1446432198 220
1042913591 591
558903641 42
1144748418 1648
1144748419 1718
1144748420 1606
1144748421 1346
1344305409 347
1279972319 799
1344305410 1682
1344305411 1425
974273080 1740
249132602 787
974273081 1375
249132603 1640
1060793843 533
249132609 1668
1435985818 372
249132610 1605
1435985820 1592
249132612 1641
1435985821 1507
249132613 1430
2015641136 1716
1164198456 1565
396195070 537
121522075 172
1474065129 64
1055439535 638
1540767048 99
1474065134 1556
1541498337 1203
683267497 1524
657262716 190
1949988530 531
1309704349 1217
202673303 1415
1475366094 407
2082758268 374
78040202 1369
1203593675 62
1243960098 2061
683267510 206
5882066 396
1847832783 1308
1046325779 1621
1747653486 1493
396195065 1255
1290539859 1370
1000685427 1215
1847832784 1515
1075095322 788
2141079213 155
1046325780 1885
1747653487 1554
396195066 1458
1290539860 840
1000685428 1046
1847832785 1537
1075095323 635
1046325781 171
1747653488 806
396195067 1218
1290539861 1749
1000685429 1015
1847832786 1521
396195068 1206
1290539862 544
1000685430 212
1847832787 1489
1847832788 1475
164941860 736
1847832789 1420
1847832790 1641
858588155 105
1847832791 169
225663220 838
845261520 1861
225663221 1540
845261521 1677
225663222 155
845261522 1508
1309704345 1300
901073612 466
2075847050 162
1984602576 418
441453463 189
967733851 180
589685764 1008
331846463 154
1776241990 301
1971373306 670
967733852 638
589685765 1625
1971373307 1107
845261523 1556
845261524 51
577934856 305
1940039283 1582
1339671314 252
1940039284 1664
1339671315 580
1783743316 448
8070735 1338
8070736 1635
971725357 769
971725358 840
1956148061 1291
1721004729 85
1279972317 713
489314094 1098
1279972318 1499
489314095 481
2104990413 975
2104990414 1641
974551226 301
2104990415 1498
2104990416 1434
2104990417 1397
2104990418 1479
2104990419 1601
2082758264 1294
322477597 79
2015641129 1582
2104990420 1380
2104990421 709
1934353916 1315
269623672 896
1934353917 1124
269623673 697
876853986 1389
395561657 839
1164198467 1289
876853987 1560
395561658 1502
1164198468 106
876853988 1790
395561659 1816
876853989 1669
395561660 1396
1971373319 1559
1392838241 1598
1971373320 1509
1392838242 1788
1971373321 1595
1392838243 1522
1971373322 514
1392838244 1620
1756839183 280
1392838245 1626
1756839184 1506
1392838246 1547
1756839186 1255
1392838248 1920
279237483 1737
425418623 1153
279237484 1590
425418624 1702
710905536 1312
279237485 1491
425418625 1606
710905537 256
279237486 1560
425418626 1643
279237487 1143
425418627 437
592716966 108
2111737470 126
1284970278 1209
717091197 448
1956148063 352
1284970279 1268
717091198 1494
1284970280 1418
717091199 1630
1284970281 1359
717091200 1713
1284970282 1212
2116281825 1506
717091201 1032
2039946063 1114
2040700304 224
2039946064 639
1087654127 1479
1048374722 76
1087654128 1399
1048374723 1490
73622501 730
1475061704 87
73622502 839
73622503 358
1231884241 106
1934353913 1128
953511933 192
1428499960 908
954045834 707
1476034619 78
631016543 50
954045837 1415
954045838 1607
954045839 1731
954045840 1501
1691881121 108
954045841 1456
954045842 1580
954045843 1696
954045844 1687
954045845 1756
954045846 1503
954045847 1519
954045848 1570
954045849 1869
954045850 894
1396453962 218
407824098 340035
1570652405 364
2132271354 905
1428499954 1552
2132271355 1304
1428499955 1072
2025391708 690
869055152 1717
2025391709 1157
1535544043 93
869055153 1605
2025391710 1284
869055154 1570
2025391711 1845
869055155 1504
2025391712 1469
1990188133 551
869055156 1501
2052242820 9
552394000 1390
2083098153 106
2025391722 1282
552394001 1263
2025391723 1460
552394002 1421
1399447948 98
2025391724 818
1164198464 1696
711073327 94
1956148062 1487
1389930800 145
927915991 1299
1685967260 1235
1389930802 1472
927915993 1503
435581119 63
1685967262 1388
388122321 255
1460844137 468
589602008 492
577934858 533
1747653472 719
1094635040 211
1609582972 40
1747653482 1439
1538995939 489
1290539855 1571
1000685423 769
1229566027 733
1747653483 1569
396195062 1030
1290539856 1695
1000685424 1228
1229566028 602
1747653484 1592
396195063 1355
1290539857 1586
1000685425 797
1747653485 1426
396195064 1501
1290539858 1547
1000685426 898
105288717 1259
317140591 1516
1460726351 1089
317140592 1480
1460726352 1352
317140593 1561
1460726353 1284
317140594 588
1284970286 1386
2116281829 636
980104121 65
1144748415 925
476564842 711
1144748416 1334
476564843 1765
1144748417 1039
476564844 742
1087654129 1626
1048374724 1909
165635798 947
1087654130 1381
1048374725 1691
165635799 1736
1048374726 1347
165635800 1672
165635801 1659
1495478388 168
1474065130 1523
1474065132 1571
1474065133 1639
1474065136 1909
1079209301 1565
1164198458 1501
2015641138 1131
1079209302 1592
1164198459 1653
2015641139 1291
1079209303 137
1164198460 1406
2015641140 868
1666520748 481
990651106 638
990651107 76
688766890 404
1307152554 214
1766682702 82
1307451811 351
1292058891 720
1307451812 489
1470349419 1723
869055149 676
1470349420 691
869055150 1614
1107972520 1633
1189286663 223
869055151 1708
78040203 1464
1585077719 192
78040204 1444
1585077720 1492
78040205 1637
1585077721 1704
78040206 295
1585077722 1510
1585077723 1560
1585077725 1538
1585077727 1517
2015641127 1153
2015641128 1420
1164198452 1396
2015641132 1558
1164198453 1423
2015641133 1658
1164198454 1613
2015641134 1474
1164198455 1754
2015641135 1702
1164198461 1454
2015641141 891
1164198462 1735
2015641142 1117
1959173237 1469
730518634 78
1164198463 1650
2015641143 326
1428499946 1288
589602007 1191
577934857 493
577934859 1452
975169498 491
577934860 734
489314091 57
489314092 937
489314093 1141
1809222997 766
1541498336 711
622527606 139
683267496 1352
1809222999 1018
1541498338 1463
657262717 1552
683267498 1255
1809223000 799
1541498339 1180
657262718 1665
683267499 1159
869851558 46
1728692861 1987
1472147553 164
765608929 1036
765608930 1745
765608931 1008
1994558790 42
765608932 1619
765608933 784
1712738743 725
765608934 277
1428499947 1147
1428499948 726
1211746565 1294
1417538592 128
1428499949 1204
1428499950 1240
1428499952 1267
1428499953 881
1428499957 933
1428499958 643
1428499961 1173
1428499962 110
20479772 1007
20479773 999
20479774 297
962239629 125
1986099216 64
1293268172 1312
1510682566 624
1679620793 466
1367947612 1089
1367947613 67
1279825992 1062
1279825994 1175
1279825995 1033
1855200337 806
897379176 392
1279825996 112
419205978 191
1196080249 71
1196080250 147
1927805245 87
2141191820 181
1660065151 1619
972905371 587
1660065152 1568
972905372 1161
1660065153 1577
972905373 615
1660065154 1182
972905374 1213
869055157 865
1990188134 508
1990188135 368
589685766 1799
247901910 1478
1971373308 1535
589685767 736
247901911 1692
1971373309 1526
589685768 681
247901912 424
1971373310 1172
1971373311 1447
1686690094 696
305313676 229
1609582971 56
686957257 1534
647354943 1856
1695206433 119
1022919461 426
1296246750 472
1685967272 1438
688766891 1562
917113052 994
688766892 1436
917113053 1520
688766893 1514
917113054 1305
688766894 1095
1024229467 91
605118627 455
1292058887 873
1292058888 1400
1292058889 1394
1292058890 1506
1212361105 2479
1685967257 909
927915989 135
1212361106 2465
1685967258 652
927915990 1429
1212361107 1767
1685967259 993
1685967264 1261
1685967265 1559
1685967266 1459
1685967267 1582
1685967271 1016
1296246751 1443
1685967273 427
1081776222 270
1081776223 511
1862761696 736
1862761697 1547
1862761698 1600
1107972518 189
1862761699 1446
1107972519 1305
1862761700 713
840372651 42
840372652 1404
840372653 1581
1685967263 1456
435581120 1516
1178752247 1240
974273069 1113
1029952480 460
165635802 836
2140335116 153
1367947609 1269
1367947610 1430
1679620792 380
1367947611 889
1496727492 161
1712738746 1455
1293268170 46
1510682567 572
1293268173 1333
1510682568 975
1293268174 1269
1426647506 916
1426647507 1330
1950882020 386
1426647508 1495
1950882021 1273
1426647509 1456
1950882022 1158
1426647510 295
683267495 1294
657262720 1507
1741357799 362
683267501 1236
1243960090 24777
1741357800 1025
683267502 1432
1243960091 136797
683267503 1494
1243960092 99981
683267504 1398
1243960093 2461
683267505 1316
1243960094 2441
683267506 1207
262755137 425
1243960095 2430
683267507 1391
1243960096 2476
683267508 1230
1243960097 2443
683267509 1339
1267505148 856
1998085582 137046
1774302574 1187
1267505149 64
1998085583 141066
1774302575 1285
