2072139847 1060
2072139846 2048
2072139845 2048
2072139844 2048
2072139843 2048
2072139842 2048
2072139841 2048
2072139840 2048
2072139839 704
1063943750 1088
1322437650 768
1322437649 1344
519839299 512
519839298 2048
519839297 2048
519839296 2048
519839295 2048
519839293 2048
519839292 2048
519839291 2048
519839290 2048
519839289 2048
519839288 2048
519839287 2048
519839285 2048
519839284 2048
519839283 1600
167073949 1536
167073948 2048
167073947 2048
167073946 2048
167073943 2048
167073942 2048
167073941 2048
167073940 2048
167073939 2048
167073938 2048
167073937 2048
167073936 2048
167073935 2048
167073934 2048
167073933 576
164941861 640
164941860 1472
1257192 768
1257191 2048
1257190 2048
1257189 2048
1257188 1344
1049384560 1088
1691881121 320
1656906292 1088
1656906291 2048
1656906290 2048
1656906286 2048
1656906284 1024
1296246750 128
1309704340 1280
1309704339 2048
1309704338 2048
1309704337 2048
1309704336 832
962239637 320
962239636 2048
962239635 2048
962239634 2048
962239633 2048
962239630 2048
1669310596 1664
1669310594 2048
1669310593 2048
1669310592 448
1535544057 2048
1535544056 2048
1535544055 2048
554704431 576
1535544054 2048
1535544053 2048
1535544052 2048
1535544051 2048
1535544050 2048
1535544049 2048
1535544048 2048
1535544047 2048
1535544045 2048
1535544044 2048
1535544043 704
388997586 192
2117231359 320
2075899781 64
2075899780 2048
2075899779 2048
2075899778 2048
2075899777 2048
2035485585 704
2035485584 1408
2083098161 64
2083098160 2048
2083098158 2048
2083098157 2048
1399447949 256
2083098156 2048
552394002 1088
1399447948 320
2083098155 2048
552394001 2048
2083098154 2048
1792437041 1088
1792437040 2048
1792437039 2048
1792437038 2048
1792437035 2048
1792437031 2048
1792437030 2048
1792437029 2048
1792437028 2048
1792437027 2048
1792437026 2048
1792437025 1024
519839286 2048
1597678887 128
729873537 576
729873536 1536
1460726353 320
1460726352 2048
1460726351 1792
1178752246 896
1173093822 128
396195062 576
2103230327 320
2103230326 2048
2103230325 2048
2103230324 2048
2056123611 192
2056123610 384
1307152556 1408
1307152555 2048
1649027739 1088
2083098159 2048
1778302704 128
686957243 512
686957242 576
107188650 128
622527610 1216
622527609 2048
622527608 2048
622527606 896
798786912 1984
798786911 2048
798786910 128
2103230323 1792
1249440071 576
1445220477 1664
1445220476 2048
1445220475 2048
1445220474 2048
1445220473 448
1493186205 1536
1493186204 2048
1493186203 576
927915992 2048
927915991 2048
523036219 576
167073945 2048
2053861873 512
167073944 2048
2053861872 64
1371238788 192
1934353909 576
201169655 128
53915573 192
53915572 2048
53915571 2048
53915570 2048
53915569 2048
53915558 2048
53915557 1920
1656906285 2048
1827020403 576
1901677938 1088
448847136 1536
448847135 2048
448847134 576
1102201892 512
1102201891 2048
1102201890 2048
1102201889 2048
1102201888 2048
1102201887 2048
1102201886 2048
1102201885 2048
1102201884 2048
1102201883 2048
1102201882 2048
1102201881 2048
1102201880 2048
1102201879 2048
1102201878 2048
1102201877 2048
1102201876 1600
1936706786 576
964742104 1728
964742103 2048
964742102 2048
964742101 2048
964742100 2048
964742099 2048
964742097 2048
964742096 384
1605622670 448
1605622669 640
1929700226 576
2138946868 512
2138946867 64
1656906289 2048
1306639590 128
636428557 1088
681234234 128
681234233 960
552394000 2048
2083098153 2048
679464584 1344
20479776 1536
20479775 4096
1046325779 1152
1435985834 3072
1808740696 284627
1435985833 4096
1808740695 270672
1435985832 4096
1808740694 269175
1808740693 304921
1808740692 275305
1435985829 4096
1808740691 285073
1435985828 4096
1808740690 174581
1785055776 256
1785055775 4096
1785055774 3968
1435985822 4096
1488572384 1408
1435985821 4096
1488572383 4096
1435985820 4096
1488572382 2816
1435985819 4096
1435985818 1152
868244018 4096
1087654123 128
868244017 3456
1087654122 64
89826218 896
732790827 256
1046190292 4096
868244020 4096
1330521798 1024
1046190281 4096
717091204 4096
868244019 4096
1046190280 1792
717091203 4096
1088442702 4096
1307152554 704
1766682702 384
605118632 2048
1088442695 4096
1407731048 512
2082758277 4096
2105408854 110300
221795643 4096
221795642 4096
1475061704 384
1022564197 88745
1813916485 2048
1234657808 4096
486679450 4096
1813916484 2048
1234657807 4096
486679449 4096
1813916483 256
1234657806 4096
486679448 4096
1234657804 4096
1234657802 4096
486679444 4096
1234657801 4096
486679443 4096
954755783 2176
1386022961 4096
975169513 4096
975169512 4096
975169511 4096
975169509 4096
435581123 2048
1386022953 4096
975169505 4096
927915993 1920
435581119 64
1386022952 4096
975169504 4096
1386022951 4096
975169503 4096
1386022949 4096
1728692859 1664
1280600300 256
1386022948 4096
1280600299 128
1004098874 128
1386022947 4096
1792437036 2048
592716965 1152
1813916498 2048
2082758275 4096
1234657794 4096
1234657793 2816
218258108 1536
1234657803 4096
486679445 4096
1088442708 3072
1088442707 4096
597742368 640
1088442706 4096
1088442705 4096
1279972319 2048
1721004728 256
1669310595 2048
869851550 640
111821216 1088
1686690086 256
2062343805 384
2075847058 896
1178752252 2048
1029952485 2048
1187787907 4096
1994558791 281695
964742098 2048
719538674 256
1529883465 3456
1529883464 768
1470349412 640
2052242821 896
358268631 2048
1234657799 4096
1747653474 4096
1000685415 1536
1428642546 4096
358268629 2048
1234657797 4096
954755779 2048
309013203 314343
1747653472 2048
1094635040 1088
1609582972 2435
1428642544 4096
358268628 1728
1234657796 4096
309013202 256518
1609582971 128
1299200817 2944
1428642543 4096
1234657795 4096
1299200816 4096
1428642542 128
1606347506 2176
358268632 384
1234657800 4096
486679442 3968
1591158103 2048
1747653475 4096
1290539854 256
1283110026 282160
1283110025 305411
1847832787 896
1283110024 289836
1283110022 119445
1367947609 1984
486679451 4096
1813916486 2048
1234657809 1408
486679447 4096
1234657805 4096
709563670 128
709563669 1024
221412913 2432
832499000 2048
1224239471 4096
1847832785 4096
710905551 4096
1081776222 320
1808740706 136844
1664871783 1536
710905547 4096
221412912 4096
832498999 704
1224239470 3072
1847832784 4096
710905550 4096
1187787906 4096
1994558790 38145
710905546 4096
221412911 4096
1847832783 3328
710905549 4096
161310960 4096
1446432212 4096
1187787905 4096
710905545 4096
161310959 4096
1446432211 4096
1187787904 256
161310958 4096
1446432210 4096
1728692860 512
1386022950 4096
1438954359 36556
679464581 2048
1747653477 4096
1591158105 4096
680171910 276831
1476034620 39113
631016544 2048
1344950802 64
1609582977 2048
407824101 278959
1725256563 4096
19865197 2176
1609582975 2048
1570652406 4096
407824099 289496
218258107 2688
1712738743 256
1572781550 1088
1446432208 4096
161310956 4096
1446432207 4096
161310955 4096
1446432205 4096
161310953 4096
1446432204 4096
161310952 4096
1687987866 1792
314430523 299656
314430522 286095
840372663 2048
1186208826 4096
975169508 4096
435581122 2048
1190581296 34501
313137169 256563
710905548 4096
5882065 256
240578407 192
314430521 289466
1648776320 127763
1664871775 2688
1808740698 286709
1386022962 1152
975169514 1408
1186208825 1664
552393999 2048
679464583 2048
1386022955 4096
975169507 4096
435581121 2048
1190581295 271482
1813916491 2048
78040202 3584
2082758268 4096
314430520 290194
342615967 32412
1591158110 4096
1648776319 42611
1386022954 4096
975169506 4096
435581120 2048
1190581294 235825
1813916490 2048
2082758267 4096
2105408855 115829
1475366094 256
202673303 384
221795644 4096
314430519 268375
161310954 4096
1446432206 4096
1808740697 286148
1998085578 58488
1344950801 2048
1609582976 2048
1570652407 2688
407824100 290792
8070737 512
1088442694 4096
605118631 2048
89826217 2048
1046190291 4096
876853983 640
1212361099 27039
221795645 4096
1747653479 4096
1591158107 4096
1627524435 96490
812524771 3328
1699107645 3456
1231884249 3200
683267494 1088
1810254451 4096
358268630 2048
1234657798 4096
1747653473 4096
1000685414 2688
1094635041 1024
1609582973 2048
1747653478 4096
1591158106 4096
812524770 896
1699107644 4096
1231884248 4096
780759276 256
1810254450 4096
1386022946 3072
313137173 34453
1609582974 2048
1570652405 1536
407824098 221612
617252178 32806
386104417 68082
1088442701 4096
954755782 4096
122749718 39645
508078868 128
1421887768 4096
1792437033 2048
1396453962 4096
1813916497 2048
2082758274 4096
1279723428 256
1088442699 4096
207495093 384
1937314402 2048
1224239473 4096
1075095327 2048
1197609830 233582
1428642545 4096
343153636 3151
486679446 4096
1696918808 69066
1164198459 4096
313137172 291898
1267505152 2176
1664871782 4096
1808740705 296920
1591158109 4096
1809222997 256
1810254453 4096
309013205 150930
954755781 4096
122749717 36244
1421887767 1024
1792437032 2048
1396453961 1536
2141191821 384
1813916496 2048
2082758273 4096
1446432203 4096
161310951 4096
1186208827 2560
909610790 512
868244022 4096
1330521800 3200
1197609842 236224
1046190287 4096
1344305409 896
717091210 4096
2044640952 2688
53915559 2048
1666520748 1664
972905371 2688
1660065151 4096
279237477 149191
270467080 3840
1075095324 2048
1197609827 187202
53915568 2048
1164548110 265712
1267505150 4096
1664871780 4096
1808740703 286930
161310963 4096
908703769 31134
1283110023 283748
990651106 1152
1046190293 4096
1283110028 290077
858588155 576
221795647 768
1609582979 2048
1937314401 640
1283110029 275089
313137170 296545
313137171 304439
1267505151 4096
1664871781 4096
1808740704 285274
1664871777 4096
1808740700 282057
459713657 3968
314430534 295543
962239631 2048
954923503 36747
1164198457 4096
739562358 212279
314430535 512
962239632 2048
954923504 70780
1164198458 4096
2082758279 4096
1660065147 4096
1164198454 4096
1088442704 4096
1075095325 2048
1197609828 248547
84973836 22584
1687987867 384
1799984180 40169
1507096171 3072
1609582978 2048
407824102 65130
1421887769 3200
1792437034 2048
1396453963 2688
1107972519 181350
1075095322 1344
2141079213 1408
2130615622 3909
1339792155 1152
1940039285 4096
314430527 284265
1813916489 2048
2082758266 4096
1267505149 4096
1808740702 288562
1664871779 4096
161310957 4096
1446432209 4096
546781669 770
2130615626 248607
1107972523 181813
1656906288 2048
1264107524 640
1584054129 2688
1197609837 242449
868244021 4096
459713654 4096
314430531 248141
1940039289 4096
1330521799 4096
1046190282 4096
1660065146 1152
2082758278 4096
1940039287 4096
314430529 271698
1164198452 3968
1075095323 2048
2141079214 2816
1197609838 241611
1046190283 4096
2040700304 256
221795641 4096
1940039288 4096
459713653 256
314430530 266018
1164198453 4096
1088442703 4096
868244023 4096
1046190284 4096
1660065148 4096
42807778 514
2082758280 1024
150819000 512
1197609840 233901
868244024 4096
1046190285 4096
1660065149 4096
1164198455 4096
1197609841 244453
1792437037 2048
2111737470 384
868244025 768
1046190286 4096
2044640951 1536
1660065150 4096
1164198456 4096
1827990318 640
1664871776 4096
1808740699 249914
1197609843 96026
1046190288 4096
1344305410 4096
717091211 4096
972905372 4096
1660065152 4096
270467081 4096
221795646 4096
1664871778 4096
1267505148 2048
1808740701 282770
1774302561 320
1584054128 4096
1197609836 247060
221795639 3456
1813916499 1856
2082758276 4096
1940039286 4096
314430528 269545
1810254456 2816
1799984181 33376
1507096172 4096
1299200815 1280
780759275 64
1810254449 4096
1229566027 128
1591158111 2176
101560192 640
897379177 269593
1075095329 2048
1197609832 238335
1211746561 640
309013204 306274
954755780 4096
832499001 1408
1224239472 4096
1847832786 4096
710905552 512
1075095326 2048
1197609829 240900
386104419 201355
2130615627 238388
150028527 256
230265521 1024
386104418 265504
647354941 256
680171911 284345
680171912 384
1946267426 512
314430524 295416
1940039282 2048
1446432213 4096
601544350 384
161310961 4096
1895929540 61114
221412909 1792
1063099966 269946
1446432214 2432
161310962 4096
1895929541 219359
1073431444 256
221412910 4096
1063099967 192
1224239474 1152
1075095328 2048
1197609831 245388
1075095330 768
1197609833 232716
897379178 301574
1197609834 236310
897379179 300392
1511072054 1152
1584054127 1536
1197609835 234232
897379180 38224
1511072055 2048
2130615623 231593
953511933 256
161310964 4096
688766890 448
622527607 2048
657262716 384
1367947622 2048
2130615624 232481
888064475 1024
161310965 1664
688766891 2048
2130615625 253800
888064476 1152
1656906287 2048
1264107523 3584
1088442700 4096
552095565 22336
1107972524 185911
1747653476 4096
1591158104 4096
1107972525 191411
1107972526 182681
845261516 2176
1725256564 4096
19865198 2048
1063099965 282475
1079209299 384
1803373211 2176
247901913 183893
1984602576 2176
441453463 1792
967733851 512
1984602578 2048
441453465 4096
589685764 256
331846463 256
1776241990 2048
1971373306 2560
247901914 50473
1984602577 4096
441453464 4096
967733852 128
441453466 4096
1776241991 4096
1971373307 4096
1627524436 254666
1747653480 2176
1591158108 4096
1344305414 4096
1813916488 2048
2082758265 4096
322477598 314470
309013190 288200
1344305415 4096
309013191 280753
1344305416 4096
309013192 282725
1344305417 3328
309013193 302648
309013194 312663
309013195 288108
309013196 291257
309013197 288702
1725256561 2176
1940039290 2176
314430532 281004
459713655 4096
1144748413 128
1029952496 704
309013198 273126
1725256562 4096
314430533 285336
459713656 4096
1144748414 2048
1540767048 384
1055439535 1536
121522075 640
1474065129 128
631016543 64
1810254455 4096
1344305413 4096
309013189 34281
1024229469 448
1813916487 2048
2082758264 3200
322477597 27162
1810254452 4096
1810254448 1408
1810254454 4096
1137110990 640
1293268171 2048
1287932923 2176
1160247162 2176
711073328 128
1187787908 3968
891039676 128
739562357 60714
1994558792 275324
1283110030 182779
2015641127 1152
1046190289 4096
1344305411 4096
717091212 4096
270467082 4096
1046190290 4096
1344305412 4096
717091213 3200
1660065154 3072
270467083 4096
150818999 3712
1197609839 238330
833552333 577
12111458 384
1279825993 4096
1107972518 21278
1367947625 128
1725256565 2048
1446432198 1792
1446432199 4096
1446432200 4096
161310949 2560
1446432201 4096
161310950 4096
1446432202 4096
1813916494 2048
2082758271 4096
78040205 4096
1813916495 2048
2082758272 4096
78040206 640
1203593675 3072
1203593676 4096
1203593677 1152
225663220 3840
225663221 4096
225663222 4096
1916273327 256
1493403957 512
225663223 4096
370564513 27658
225663224 384
840372664 2048
577934856 1152
221795640 4096
901073612 1152
1535544046 2048
1990188133 256
1627524437 271292
2075847050 3328
157670954 320
1627524438 268713
2075847051 4096
1627524439 172607
2075847052 4096
2075847053 4096
1178752247 2048
974273069 256
1029952480 1408
2075847054 4096
1178752248 2048
1029952481 2048
2075847055 4096
1178752249 2048
1029952482 2048
2075847056 4096
1178752250 2048
1029952483 2048
2075847057 4096
1178752251 2048
1029952484 2048
314430525 313881
1940039283 4096
1339671314 640
314430526 288234
1940039284 4096
1339671315 3584
309013199 292940
1783743316 3200
309013200 291038
1783743317 4096
309013201 300210
1783743318 1024
547563264 4096
547563265 4096
1293268173 2048
105288715 1536
547563266 4096
1293268174 2048
105288716 640
547563267 3968
8070735 3712
1073084480 128
1088442692 1152
605118629 2048
89826215 2048
8070736 4096
1088442693 4096
605118630 2048
89826216 2048
971725357 1152
1279972317 2176
1386022959 4096
489314094 4096
1279972318 4096
1386022960 4096
489314095 3328
2104990413 2176
2104990414 2048
1435985830 4096
974551226 2176
269623672 2304
269623673 1920
711076234 2048
711076235 4096
711076236 4096
547563263 256
317140586 1152
1699107629 768
1699107630 4096
711076242 2176
1699107631 4096
2130615628 252906
230265522 4096
2130615629 240358
230265523 4096
2130615630 30824
230265524 4096
230265525 4096
1435985823 4096
1589511375 2432
1959173236 1856
230265526 4096
1435985824 4096
1589511376 4096
89826202 1216
230265527 4096
1435985825 4096
1589511377 4096
89826203 2048
230265528 4096
1435985826 4096
1589511378 4096
1959173239 2048
89826204 2048
230265529 3200
1435985827 4096
1589511379 1792
858572090 23981
1959173240 2048
89826205 2048
1540767049 768
1055439536 2688
706486985 2560
261512934 960
706486986 1664
1046190294 4096
395561657 2176
1046190295 4096
395561658 4096
1046190296 2432
395561659 2048
1507096173 1152
1392838241 3712
1511072058 960
1392838242 4096
1392838243 4096
1392838244 4096
1756839183 320
1392838245 512
270467087 4096
425418624 4096
710905536 3712
270467088 4096
425418625 4096
717091197 1024
717091198 4096
717091199 4096
717091200 4096
2116281825 31651
717091201 4096
717091202 4096
1356196862 21561
2039946063 1152
270467084 4096
270467085 4096
425418623 3072
270467086 4096
710905537 4096
425418626 4096
270467089 4096
1435985831 4096
804135413 640
974551227 2048
710905538 4096
425418627 4096
270467090 4096
710905539 4096
425418628 4096
270467091 4096
710905540 4096
425418629 4096
270467092 4096
710905541 4096
425418630 4096
270467093 4096
710905542 4096
425418631 1152
270467094 4096
710905543 4096
270467095 4096
710905544 4096
270467096 384
711076237 4096
1048374722 256
711076238 4096
1048374723 4096
73622501 640
711076240 4096
1048374725 4096
711076241 4096
1048374726 3968
1613959504 640
261512933 2048
519839294 2048
954045834 640
2132271354 256
2025391708 1152
840372662 2048
1927805253 384
1107972522 184124
1189286665 1408
1164198460 256
711073327 512
1956148061 640
975169510 4096
1389930800 256
388122321 3456
388122322 4096
388122323 768
1460844137 384
840372666 2048
577934858 4096
476564842 2304
476564843 4096
476564844 1920
711076239 4096
1048374724 4096
165635798 1152
1495478388 3968
1495478389 256
1474065130 512
53915560 2048
1666520749 4096
53915561 2048
1666520750 4096
53915562 2048
1666520751 4096
53915563 2048
1666520752 4096
53915564 2048
1666520753 4096
53915565 2048
1666520754 4096
53915566 2048
1666520755 4096
53915567 2048
1164548109 43139
1666520756 2560
441453467 2432
1776241992 4096
247901910 142113
1971373308 4096
1235306210 1280
1235306211 4096
1235306212 2944
1307451811 896
1292058891 1024
1307451812 3328
1949988530 384
1367947624 2048
869055149 384
840372659 2048
1927805250 4096
2140335119 2048
1813916492 2048
78040203 4096
2082758269 4096
1585077719 384
1813916493 2048
78040204 4096
2082758270 4096
1585077720 768
589602007 1152
840372665 2048
577934857 4096
840372667 2048
577934859 4096
975169498 2816
577934860 4096
975169499 4096
577934861 4096
975169500 4096
577934862 4096
975169501 4096
577934863 4096
975169502 4096
577934864 3072
1386022956 4096
489314091 896
1386022957 4096
489314092 4096
1386022958 4096
489314093 4096
1042913591 256
558903641 384
1741357799 768
1243960090 70196
1741357800 4096
1243960091 196688
1741357801 4096
1741357802 4096
1741357803 4096
1741357804 4096
262755137 128
1741357805 4096
419205978 1536
1196080249 256
1741357806 4096
419205979 2688
1196080250 896
1741357807 4096
1741357808 4096
1741357809 4096
1656109834 896
1741357810 4096
1656109835 1216
1741357811 4096
1741357812 4096
1741357813 4096
1741357814 4096
425626204 2176
1741357815 3456
2052242820 256
1472147553 1280
1472147554 4096
1472147555 2944
765608926 384
1428499946 2176
1959173238 2048
730518635 1152
20479772 2688
1231884245 4096
1699107641 4096
20479773 4096
1231884246 4096
1699107642 4096
20479774 4096
1231884247 4096
1699107643 4096
1986099215 256
1430049942 2048
962239629 1792
1986099216 384
1430049943 704
1293268172 2048
1510682566 256
1088442698 4096
605118635 192
486679454 4096
1367947612 2048
1279825992 3840
1279825994 4096
1279825995 4096
1855200337 256
897379176 245770
1279825996 384
840372656 2048
1927805247 4096
2140335116 1280
2140335117 2048
2140335118 2048
840372660 2048
1927805251 4096
1107972520 180169
1189286663 2816
2140335120 832
840372661 2048
1927805252 4096
1107972521 192043
1189286664 4096
2141191820 768
1660065153 4096
972905373 1536
1699107632 4096
1699107633 4096
1699107634 4096
1699107635 4096
1699107636 4096
717091205 4096
980104121 192
1231884241 1024
1699107637 4096
717091206 4096
980104122 2048
1231884242 4096
1699107638 4096
717091207 4096
980104123 2048
1231884243 4096
1699107639 4096
717091208 4096
980104124 2048
1231884244 4096
1699107640 4096
717091209 4096
980104125 1920
1776241993 4096
247901911 180076
1971373309 4096
1776241994 2176
247901912 183905
1971373310 1664
1417538592 1024
1476034619 39899
1417538593 3200
305313676 384
1695206433 1024
1695206434 2048
1695206435 2048
1695206436 2048
1695206437 2048
1695206438 2048
1695206439 2048
1695206440 2048
1695206441 2048
1695206442 2048
1426647506 128
1695206443 2048
1695206444 2048
1950882020 896
1695206445 2048
1950882021 3328
1695206446 2048
1695206447 2048
1695206448 2048
1584790427 576
1695206449 1088
1022919461 1408
1022919462 2048
1022919463 704
917113052 192
688766892 1664
1024229467 1664
1024229468 2048
605118627 1920
89826213 2048
605118628 2048
89826214 2048
1088442696 4096
605118633 2048
486679452 4096
1367947610 2048
1088442697 4096
605118634 2048
486679453 4096
1679620792 384
1367947611 2048
1937314403 2048
1937314404 2048
1283110027 296363
1269227297 128
1937314405 2048
1937314406 2048
1937314407 2048
1937314408 2048
1937314409 1472
1535544058 2048
1292058887 1088
1535544059 1408
1292058888 2048
1292058889 2048
1292058890 2048
1959173237 2048
730518634 960
1685967257 1600
927915989 192
1685967258 2048
927915990 2048
1685967259 512
1959173241 2048
89826206 2048
1959173242 2048
89826207 2048
1959173243 2048
89826208 2048
1959173244 256
89826209 2048
1862761696 1216
1862761697 896
840372651 64
840372652 2048
840372653 2048
1927805245 3840
840372654 2048
1927805246 4096
840372655 2048
1927805248 4096
840372657 2048
1927805249 4096
840372658 2048
1178752253 2048
1029952486 2048
1719448054 128
1178752254 2048
249132598 2432
1029952487 2048
1178752255 2048
249132599 1792
1029952488 2048
1178752256 2048
1029952489 2048
1178752257 2048
1029952490 2048
1178752258 2048
1029952491 2048
1178752259 2048
1029952492 2048
1178752260 2048
1029952493 2048
1060793839 192
1178752261 2048
1029952494 2048
1178752262 1216
1029952495 2048
1008101638 320
89826210 2048
89826211 2048
89826212 2048
486679455 4096
1367947613 2048
486679456 4096
1367947614 2048
486679457 4096
1367947615 2048
486679458 256
1367947616 2048
1367947617 2048
1367947618 2048
1367947619 2048
1367947620 2048
1367947621 2048
1367947623 2048
1496727492 128
1293268170 64
1430049941 1408
261512932 1152
1511072056 2048
1511072057 2048
679464580 768
552393998 1024
679464582 2048
