1102201885 1966
1102201884 2048
1102201883 2048
1102201882 2048
1102201881 2048
1102201880 2048
1102201879 2048
1102201878 2048
1102201877 2048
1102201876 1600
1936706786 576
964742104 1728
964742103 2048
964742102 2048
964742101 1992
964742100 2201
964742099 5722
964742097 2207
964742096 494
1605622670 574
1605622669 634
1929700226 558
2138946868 506
2138946867 15
1306639590 185
636428557 1027
681234234 87
681234233 1106
679464584 1501
20479776 906
20479775 2218
1046325779 767
1435985834 1643
1808740696 33676
1435985833 1954
1808740695 33631
1435985832 2285
1808740694 33416
1808740693 33487
1808740692 33722
1435985829 2245
1808740691 33471
1435985828 1886
1808740690 18925
1785055776 210
1785055775 1933
1785055774 2215
1435985822 2308
1488572384 746
1435985821 2137
1488572383 2440
1435985820 1792
1488572382 1638
1435985819 2140
1435985818 803
868244018 2341
1087654123 53
868244017 1881
1087654122 102
89826218 1002
732790827 191
1046190292 2569
868244020 2337
1330521798 499
1046190281 2062
717091204 2177
868244019 2020
1046190280 737
717091203 2299
1088442702 2314
1766682702 173
605118632 2104
1088442695 2121
1407731048 2185
2082758277 2130
2105408854 17923
221795643 1931
221795642 2199
1475061704 143
1022564197 17661
1234657808 1951
486679450 1940
1234657807 2122
486679449 3033
1234657806 1800
486679448 2027
1234657804 2831
1234657802 1960
486679444 2140
1234657801 1733
486679443 2251
954755783 1231
1386022961 2049
975169513 2188
975169512 2160
975169511 2087
975169509 2154
435581123 2658
1386022953 2349
975169505 2141
435581119 135
1386022952 1943
975169504 2147
1386022951 2357
975169503 2104
1386022949 2297
1728692859 1135
1280600300 52
1386022948 2156
1280600299 45
1004098874 152
1386022947 2231
592716965 649
2082758275 2129
1234657794 2075
1234657793 1250
218258108 957
1234657803 2322
486679445 1925
1088442708 1730
1088442707 2303
597742368 316
1088442706 2238
1088442705 2445
1279972319 1252
1721004728 139
869851550 497
111821216 783
1686690086 59
2062343805 290
2075847058 764
1029952485 2063
1187787907 2286
1994558791 33511
964742098 3399
719538674 152
1529883465 2012
1529883464 369
1470349412 423
2052242821 406
1234657799 1884
1747653474 2222
1000685415 886
1428642546 2568
1234657797 2190
954755779 1228
309013203 2323
1747653472 1406
1609582972 2659
1428642544 2410
1234657796 2251
309013202 2029
1609582971 96
1299200817 1749
1428642543 2004
1234657795 2269
1299200816 2129
1428642542 49
1606347506 1191
1234657800 2673
486679442 2543
1591158103 1221
1747653475 2098
1290539854 118
1725256564 2573
19865198 1212
1283110026 33355
1283110025 33688
1847832787 432
1283110024 33611
1283110022 11674
1367947609 2149
486679451 2332
1234657809 664
486679447 2121
1234657805 1995
709563670 123
709563669 516
221412913 1141
1224239471 2533
1847832785 1858
710905551 2641
1081776222 392
1808740706 15655
1664871783 636
710905547 1923
221412912 1958
1224239470 2022
1847832784 2479
710905550 2047
1187787906 2314
1994558790 1249
710905546 1924
221412911 1979
1847832783 2113
710905549 2357
161310960 2011
1446432212 2162
1187787905 2833
710905545 2294
161310959 1873
1446432211 2559
1187787904 206
161310958 1842
1446432210 1866
1728692860 276
1386022950 2377
1438954359 1917
679464581 1833
1747653477 2122
1591158105 1892
1476034620 4119
631016544 1973
631016543 33
1609582977 1898
407824101 33322
1725256563 2338
19865197 1023
1609582975 2142
1570652406 2197
407824099 33665
218258107 1355
1712738743 96
1446432208 1899
161310956 2105
1446432207 2402
161310955 2299
1446432205 2397
161310953 2187
1446432204 2459
161310952 2237
1687987866 1042
78040205 2252
2082758271 2334
314430523 33443
314430522 33713
840372663 2356
1186208826 2103
975169508 2260
435581122 2123
1190581296 6380
313137169 28089
710905548 2718
5882065 167
240578407 225
314430521 33610
1648776320 13566
1664871775 1525
1808740698 33678
1386022962 555
975169514 815
1186208825 975
679464583 2453
1386022955 2122
975169507 2230
435581121 1986
1190581295 33699
78040202 1884
2082758268 2012
314430520 33309
342615967 5355
1591158110 2324
1648776319 4353
1386022954 2168
975169506 2291
435581120 2007
1190581294 28411
2082758267 2401
2105408855 16699
1475366094 136
202673303 145
221795644 2493
314430519 32661
161310954 2765
1446432206 2469
1808740697 33556
1998085578 9435
1609582976 2173
1570652407 1505
407824100 33436
8070737 329
1088442694 2379
605118631 2647
89826217 2210
1046190291 1962
876853983 259
1212361099 3174
221795645 2456
1747653479 2019
1591158107 2734
1627524435 773
812524771 1413
1699107645 2197
1231884249 1475
683267494 1260
1810254451 2251
1234657798 2100
1747653473 2556
1000685414 1275
1609582973 2317
1747653478 2420
1591158106 2322
812524770 548
1699107644 2220
1231884248 2424
780759276 331
1810254450 2094
1386022946 1644
313137173 6269
1609582974 2246
1570652405 805
407824098 23865
617252178 5119
386104417 9404
1088442701 2605
954755782 2579
122749718 3149
1421887768 2024
1396453962 2538
2082758274 2113
897379177 32844
1197609832 33695
1211746561 268
309013204 2104
954755780 2243
1687987867 162
1197609828 33475
84973836 5379
101560192 512
1279723428 138
1088442699 1984
207495093 110
1937314402 2416
1224239473 2193
1197609830 33720
1428642545 2291
343153636 510
486679446 2276
1696918808 9440
1164198459 2151
313137172 33567
1267505152 1088
1664871782 2176
1808740705 33490
1591158109 1854
1809222997 146
1810254453 2130
309013205 2029
954755781 2212
122749717 1913
1421887767 602
1396453961 1118
2141191821 342
2082758273 2076
1186208827 1351
909610790 2175
868244022 2151
1330521800 2011
1197609842 33323
1046190287 2564
1344305409 643
717091210 1739
2044640952 1729
1666520748 1126
972905371 1394
1660065151 2173
279237477 17683
270467080 1577
1197609827 24226
1164548110 32596
1267505150 2149
1664871780 2395
1808740703 33421
161310963 2462
908703769 2196
1283110023 33407
990651106 851
1046190293 2229
1283110028 33672
858588155 582
221795647 520
1609582979 2290
1937314401 739
1283110029 33354
313137170 33654
313137171 33947
1267505151 2220
1664871781 2257
1808740704 33523
1664871777 2295
1808740700 33484
459713657 1721
314430534 33434
954923503 958
1164198457 2373
739562358 27304
314430535 1926
954923504 8526
1164198458 2619
2082758279 2037
1660065147 2217
1164198454 2360
1088442704 2624
1799984180 3122
1507096171 2318
1609582978 2152
407824102 10631
1421887769 1817
1396453963 1514
1107972519 31340
2141079213 786
2130615622 4291
2082758266 2189
1267505149 2078
1808740702 33670
1664871779 2440
161310957 2678
1446432209 2365
546781669 3158
2130615626 33632
1107972523 2683
1264107524 471
1584054129 1135
1197609837 33836
868244021 2773
459713654 2385
314430531 33450
1940039289 2152
1330521799 2343
1046190282 2107
1660065146 569
2082758278 2197
1940039287 2248
314430529 33285
1164198452 2214
2141079214 1518
1197609838 33892
1046190283 2589
2040700304 49
221795641 2290
1940039288 2276
459713653 235
314430530 33634
1164198453 2140
1088442703 2039
868244023 2161
1046190284 2418
1660065148 2227
42807778 2227
2082758280 459
150819000 226
1197609840 33779
868244024 2339
1046190285 2137
1660065149 2425
1164198455 2442
1197609841 33585
2111737470 255
868244025 478
1046190286 2376
2044640951 859
1660065150 2142
1164198456 2355
1827990318 321
1664871776 2241
1808740699 33633
1197609843 10509
1046190288 2408
1344305410 2024
717091211 2190
972905372 2205
1660065152 2266
270467081 1854
221795646 2220
1664871778 2341
1267505148 960
1808740701 33684
1339792155 718
1940039285 2445
314430527 33895
1591158111 1483
1810254455 2426
1774302561 328
1584054128 1923
1197609836 33360
221795639 1784
2082758276 2334
1940039286 2194
314430528 33668
1810254456 1455
1799984181 6220
1507096172 2099
1299200815 816
780759275 64
1810254449 2315
1224239472 2404
1847832786 1925
710905552 180
1197609829 33512
386104419 25176
2130615627 33252
150028527 75
230265521 394
386104418 33860
647354941 120
680171910 32843
680171911 33581
680171912 1918
1946267426 1920
314430524 33593
1940039282 1303
1446432213 1908
601544350 175
161310961 2427
1895929540 7509
221412909 983
1063099966 1971
1446432214 1002
161310962 2118
1895929541 27020
1073431444 209
221412910 2354
1063099967 145
1224239474 446
1197609831 33665
1197609833 33409
897379178 31510
1197609834 33340
897379179 31401
1511072054 1227
1584054127 819
1197609835 33707
897379180 6906
1511072055 1964
2130615623 33468
953511933 130
161310964 2202
688766890 420
2130615625 33660
888064476 456
1264107523 2034
1747653480 1156
1591158108 2100
1627524436 1942
1810254452 2204
657262716 194
1367947622 2099
2130615624 33337
888064475 583
161310965 786
688766891 2037
1088442700 2259
552095565 2198
1107972524 2415
1747653476 2284
1591158104 2278
1107972525 2519
1107972526 1723
845261516 1126
1063099965 2054
1079209299 215
1803373211 1350
247901913 2380
1984602576 1327
441453463 1107
967733851 327
1984602578 1208
441453465 1955
589685764 168
331846463 244
1776241990 1122
1971373306 1111
247901914 564
1984602577 1883
441453464 1899
967733852 9
441453466 2352
1776241991 2151
1971373307 2615
1344305413 2276
2082758264 1648
322477597 1284
309013189 86
1024229469 412
1344305414 2322
2082758265 2499
322477598 33388
309013190 2173
1344305415 1841
309013191 2092
1344305416 2147
309013192 1977
1344305417 1668
309013193 1967
309013194 1894
309013195 2138
309013196 1887
309013197 2456
1725256561 1593
1940039290 1113
314430532 33679
459713655 2057
1144748413 99
1029952496 981
309013198 1901
1725256562 2353
314430533 33630
459713656 1894
1144748414 1160
1540767048 159
1055439535 856
121522075 293
1474065129 12
1810254448 1026
1810254454 2129
1137110990 458
1293268171 2140
1287932923 1665
1160247162 1142
711073328 68
1187787908 2459
739562357 7286
1994558792 33588
1283110030 23335
2015641127 609
1046190289 1852
1344305411 2042
717091212 2545
270467082 2034
1046190290 2214
1344305412 2058
717091213 2022
1660065154 1808
270467083 2420
150818999 1974
1197609839 33550
833552333 3179
12111458 157
1279825993 2058
1107972518 4071
1367947625 198
1725256565 1243
1446432198 1081
1446432199 2253
1446432200 1994
161310949 1121
1446432201 2625
161310950 2031
1446432202 2461
161310951 2134
1446432203 2362
2082758272 2684
78040206 217
1203593675 1644
1203593676 2250
1203593677 502
225663220 1613
225663221 2290
225663222 2948
1916273327 173
1493403957 1915
225663223 2355
370564513 2188
225663224 212
840372664 2232
577934856 495
221795640 2187
901073612 706
1990188133 54
1627524437 1874
2075847050 1772
1627524438 2058
2075847051 2497
1627524439 1385
2075847052 1825
2075847053 1721
974273069 231
1029952480 1527
2075847054 2431
1029952481 2464
2075847055 2503
1029952482 2223
2075847056 2202
1029952483 2359
2075847057 2348
1029952484 1921
314430525 33735
1940039283 1996
1339671314 190
314430526 33314
1940039284 1914
1339671315 2094
309013199 2342
1783743316 1645
309013200 2459
1783743317 1957
309013201 2216
1783743318 519
547563264 2187
547563265 1933
1293268173 2732
105288715 596
547563266 2221
1293268174 2102
105288716 272
547563267 1992
8070735 1819
1088442692 666
605118629 2838
89826215 2492
8070736 2169
1088442693 1963
605118630 2312
89826216 2273
971725357 571
1279972317 1118
1386022959 1958
489314094 2385
1279972318 2168
1386022960 2304
489314095 1747
2104990413 1009
2104990414 1088
1435985830 2421
974551226 1628
269623672 1120
269623673 1030
711076234 820
711076235 1822
711076236 2251
547563263 65
317140586 841
1699107629 390
1699107630 2168
711076242 1116
1699107631 1700
2130615628 33638
230265522 1875
2130615629 33500
230265523 2387
2130615630 1914
230265524 2341
230265525 2279
1435985823 2524
1589511375 1081
1959173236 2259
230265526 2236
1435985824 2249
1589511376 2234
89826202 1544
230265527 1780
1435985825 2432
1589511377 2672
89826203 2471
230265528 2598
1435985826 2309
1589511378 2328
1959173239 2348
89826204 2137
230265529 1686
1435985827 2383
1589511379 1003
858572090 3127
1959173240 2594
89826205 1922
1540767049 280
1055439536 1564
706486985 1374
261512934 827
706486986 607
1046190294 2252
395561657 1032
1046190295 2536
395561658 2189
1046190296 1273
395561659 803
1507096173 726
1392838241 2320
1511072058 1001
1392838242 2095
1392838243 2306
1392838244 2395
1392838245 253
270467087 2624
425418624 2280
710905536 2069
270467088 2470
425418625 2540
717091197 415
717091198 2070
717091199 2240
717091200 2297
2116281825 3117
717091201 2314
717091202 2293
1356196862 5319
2039946063 634
270467084 1851
270467085 2305
425418623 1845
270467086 2633
710905537 2197
425418626 2629
270467089 2221
1435985831 2300
804135413 324
974551227 973
710905538 2438
425418627 2870
270467090 2145
710905539 2359
425418628 2186
270467091 1990
710905540 2096
425418629 2390
270467092 2179
710905541 2592
425418630 2418
270467093 2757
710905542 2618
425418631 536
270467094 2195
710905543 2144
270467095 2394
710905544 2220
270467096 241
711076237 2099
1048374722 176
711076238 1790
1048374723 2136
73622501 414
711076240 1869
1048374725 2343
711076241 2821
1048374726 1903
1613959504 403
261512933 1919
954045834 140
2132271354 170
2025391708 583
840372662 2265
1927805253 264
1107972522 68984
1189286665 749
1164198460 158
711073327 177
1956148061 321
975169510 2867
1389930800 40
388122321 1677
388122322 1739
388122323 391
1460844137 151
840372666 1890
577934858 2452
476564842 1504
476564843 2342
476564844 1291
711076239 2233
1048374724 1884
165635798 542
1495478388 2143
1495478389 93
1474065130 355
1666520749 2156
1666520750 2384
1666520751 2361
1666520752 2048
1666520753 2231
1666520754 2378
1666520755 2399
1164548109 1920
1666520756 1297
441453467 1101
1776241992 1927
247901910 1894
1971373308 2476
1235306210 434
1235306211 1880
1235306212 1756
1307451811 407
1292058891 1317
1307451812 1800
1949988530 165
1367947624 2376
869055149 214
840372659 2224
1927805250 2619
2140335119 2535
78040203 2179
2082758269 1907
1585077719 292
78040204 1942
2082758270 2214
1585077720 255
589602007 627
840372665 2417
577934857 2315
840372667 2607
577934859 2482
975169498 2139
577934860 2665
975169499 2474
577934861 2024
975169500 2223
577934862 2250
975169501 2573
577934863 2270
975169502 2100
577934864 1777
1386022956 2386
489314091 520
1386022957 2114
489314092 1902
1386022958 2259
489314093 2573
1042913591 76
558903641 139
1741357799 563
1243960090 6221
1741357800 2422
1243960091 28322
1741357801 2538
1741357802 2234
1741357803 2163
1741357804 1949
262755137 61
1741357805 2402
419205978 849
1196080249 113
1741357806 2044
419205979 1470
1196080250 555
1741357807 2405
1741357808 2324
1741357809 1909
1741357810 2102
1741357811 2186
1741357812 2121
1741357813 2654
1741357814 2581
425626204 991
1741357815 1976
2052242820 114
1472147553 800
1472147554 2487
1472147555 1753
765608926 185
1428499946 1142
1959173238 2497
730518635 1730
20479772 1374
1231884245 2262
1699107641 1820
20479773 1920
1231884246 2449
1699107642 2227
20479774 2297
1231884247 2204
1699107643 2464
1986099215 203
1430049942 2175
1986099216 116
1430049943 805
1293268172 2404
1510682566 147
1088442698 2564
605118635 151
486679454 2019
1367947612 2449
1279825992 1628
1279825994 2546
1279825995 2005
1855200337 102
897379176 27150
1279825996 245
840372656 2189
1927805247 2083
2140335116 1339
2140335117 1988
2140335118 2408
840372660 2447
1927805251 2450
1107972520 67792
1189286663 1463
2140335120 1054
840372661 2142
1927805252 3072
1107972521 91643
1189286664 2640
2141191820 384
1660065153 1553
972905373 442
1699107632 1855
1699107633 2101
1699107634 1623
1699107635 2510
1699107636 2593
717091205 1910
980104121 106
1231884241 621
1699107637 2295
717091206 1773
980104122 2385
1231884242 2648
1699107638 2153
717091207 2028
980104123 1991
1231884243 2319
1699107639 2554
717091208 1927
980104124 2513
1231884244 2125
1699107640 1896
717091209 2128
980104125 2034
1776241993 2247
247901911 2076
1971373309 2356
1776241994 1325
247901912 2462
1971373310 558
1417538592 522
1476034619 965
1417538593 1481
305313676 136
1695206433 898
1695206434 2025
1695206435 2388
1695206436 2110
1695206437 2063
1695206438 1955
1695206439 2465
1695206440 2339
1695206441 2185
1695206442 1906
1426647506 73
1695206443 2188
1695206444 2689
1950882020 525
1695206445 2247
1950882021 1895
1695206446 2331
1695206447 2528
1695206448 2328
1695206449 1374
1022919461 1515
1022919462 2652
1022919463 915
688766892 1856
1024229467 1644
1024229468 2017
605118627 2071
89826213 2082
605118628 1702
89826214 2045
1088442696 2377
605118633 1974
486679452 2087
1367947610 1664
1088442697 2343
605118634 2415
486679453 2065
1679620792 244
1367947611 2314
1937314403 2096
1937314404 2165
1283110027 33793
1269227297 104
1937314405 2311
1937314406 2428
1937314407 2197
1937314408 2456
1937314409 1618
1292058887 954
1292058888 2227
1292058889 2265
1292058890 2244
1959173237 2426
730518634 1076
1685967257 1968
1685967258 2215
1685967259 401
1959173241 2008
89826206 1946
1959173242 2296
89826207 2246
1959173243 2088
89826208 2319
1959173244 352
89826209 2314
1862761696 1444
1862761697 1003
840372651 46
840372652 2161
840372653 2357
1927805245 1914
840372654 2178
1927805246 2307
840372655 2186
1927805248 2337
840372657 2244
1927805249 2302
840372658 1872
1029952486 2241
249132598 1173
1029952487 1963
249132599 905
1029952488 2243
1029952489 1960
1029952490 2297
1029952491 2201
1029952492 2280
1029952493 1899
1029952494 2240
1029952495 2098
1008101638 474
89826210 2799
89826211 1918
89826212 2309
486679455 1549
1367947613 2071
486679456 2228
1367947614 2344
486679457 1866
1367947615 2254
486679458 57
1367947616 2409
1367947617 2193
1367947618 2303
1367947619 1897
1367947620 2396
1367947621 1809
1367947623 1723
1496727492 173
1293268170 73
1430049941 1839
261512932 1054
1511072056 2051
1511072057 2131
679464580 719
679464582 2159
