1428499948 193
1472147556 2048
1472147555 2048
1472147554 2048
1472147553 640
1741357799 128
1809223010 2048
558903654 2048
489314091 320
577934857 2048
577934856 576
2015641135 640
2015641134 2048
2015641133 2048
2015641132 2048
2015641131 2048
2015641128 2048
2015641127 1472
869055151 2048
869055150 2048
869055149 896
1949988530 1538
1307451815 1665
1307451814 2048
1307451813 2048
1307451812 2048
1307451811 448
1235306210 128
441453464 2048
441453463 897
990651111 2050
990651110 2048
990651109 2048
990651108 2049
990651107 2048
1428499947 2048
1079209307 192
1428499946 1922
1079209306 2048
1079209305 2048
1079209304 2048
1079209303 2048
1079209302 2049
1079209301 2048
1079209300 2048
1495478404 128
1495478403 2048
1495478401 2048
1495478400 2048
1495478399 2048
1495478393 2048
1495478392 2048
1495478391 2049
1495478389 2048
165635798 576
476564845 2048
476564844 2049
317140586 320
1747653472 128
1460844138 1280
577934858 1536
1460844137 832
388122321 320
1389930800 128
1956148062 2049
1956148061 1728
2025391718 2048
2025391717 2048
2025391716 2048
2025391715 2048
2025391714 2048
2052242820 128
869055156 2048
2025391712 2049
869055155 2048
2025391711 2048
869055154 2048
2025391710 2048
869055153 2048
2025391709 2048
869055152 2048
2025391708 896
1264107526 2048
1264107525 2049
1264107524 2048
1264107523 1793
2132271355 2048
2132271354 1345
1570652406 1344
1570652405 768
1396453977 1344
1396453976 2049
1396453974 2048
1396453973 2049
1396453972 2048
1396453971 2048
1396453970 2048
1396453966 2049
1396453965 2048
1396453964 2048
1396453963 2049
1396453962 2048
954045834 896
1495478388 1984
1613959512 640
1613959511 2048
1613959510 2048
1613959509 2048
1613959508 2048
1613959507 2048
1613959506 2048
1613959504 1473
1048374738 1984
1048374737 2048
1048374734 2048
1048374733 2048
1048374732 2048
1048374731 2049
1048374730 2048
1048374729 2048
1048374728 2048
1048374727 2048
1048374726 2048
1048374725 2049
270467080 576
2039946064 832
2039946063 1280
717091205 1600
1956148068 2048
717091202 2048
1956148067 2049
717091201 2048
1956148066 2048
717091200 2048
1956148065 2048
717091199 2049
1956148064 2048
717091198 2048
1956148063 2048
717091197 512
202673319 384
202673318 2048
202673316 2048
202673315 2049
202673314 2048
202673313 2048
202673312 2048
202673311 2048
1766682702 128
202673310 2049
202673309 2048
202673308 2049
202673307 2048
202673306 2048
202673305 2048
202673304 2048
2111737471 512
2111737470 1600
425418624 576
425418623 1536
710905546 2048
710905545 2049
710905544 2048
710905543 2049
1392838248 2048
1392838246 2048
1392838245 2048
1392838244 2048
1392838243 2048
1392838242 2048
1392838241 1856
1613959505 2048
706486985 192
711076234 576
711073327 256
269623678 2048
269623677 2048
269623676 2048
269623675 2048
990651114 1153
269623674 2048
990651113 2048
269623673 2048
990651112 2049
269623672 1152
974551226 576
2104990414 1024
2104990413 1088
1279972318 2049
1279972317 1088
971725357 128
8070743 256
8070742 2048
1488572396 2049
1488572395 2048
1984602587 1507
1488572394 2048
888064475 128
558903641 1856
1144748417 2048
1446432198 896
101560200 1600
710905542 2048
313137185 384
1950882020 448
101560198 2048
1855200337 192
1164198452 192
101560197 2048
101560196 2049
101560195 2048
101560194 2048
101560193 2048
101560192 512
647354942 384
710905552 256
1224239472 2048
739562373 1664
647354941 193
710905551 2049
1224239471 2048
1187787905 2048
739562372 2049
202673317 2049
597742368 192
601544350 320
1264107528 2048
2040700304 1536
558903651 2049
1144748427 2048
558903650 2048
1144748426 2048
558903649 2048
1144748425 2048
1998085578 117810
558903648 2048
1144748424 2048
558903647 2048
1144748423 2049
1994558797 2048
558903645 2048
1144748421 2048
1994558795 2048
1994558794 2048
1144748416 2048
1187787906 1984
1994558790 64
1144748415 2048
1055439535 128
1144748414 2048
1144748413 64
1392838247 2049
1725256561 192
1160247166 896
1160247165 2049
1160247164 2048
486679442 128
269623680 960
1160247163 2048
711073328 320
269623679 2048
1160247162 1216
1396453969 2048
1137110992 1536
419205982 1344
1585077719 128
419205981 2048
419205980 2048
419205979 2048
419205978 769
309013190 512
2015641130 2048
322477598 512
309013189 64
2015641129 2048
322477597 64
1344305413 1665
1950882021 128
101560199 2048
710905541 2048
313137184 2048
247901910 576
2025391722 2048
719538677 2049
1079209299 1920
1063099965 576
1264107530 2048
2040700306 576
1330521802 2049
868244024 2048
1264107529 2048
2040700305 2048
1330521801 2049
868244023 2048
1949988531 2049
1107972518 256
1495478402 2048
897379176 576
1224239474 576
2075847050 1664
558903657 256
476564843 2048
858572092 1088
1187787904 128
558903656 2048
476564842 1152
858572091 2049
739562370 419433
558903655 2048
858572090 1025
395561659 1024
739562369 429114
1895929540 192
680171912 128
680171911 2048
1809222997 1472
953511943 2048
2132271370 768
331846467 2050
1627524437 1408
2130615633 450152
680171910 1984
1190581295 2048
370564515 448
1984602586 2048
1488572393 2049
1190581294 1728
370564514 2049
1984602585 2048
1488572392 2048
370564513 1664
1984602584 2048
1488572391 2048
42807778 576
1488572398 704
1507096172 577
1799984181 896
1810254449 2048
1396453961 768
122749717 29361
1421887767 128
2105408854 128
552095565 320
558903646 2048
1144748422 2048
1994558796 2048
1197609827 128
710905550 2048
1224239470 1537
1589511376 896
617252185 2048
1589511375 1216
617252184 2048
546781671 960
710905548 2049
221412910 2048
546781670 2048
558903653 2048
1144748429 2049
710905547 2048
221412909 896
546781669 1152
558903652 2049
1144748428 2049
1330521800 2048
868244022 2048
1493403957 128
150028532 2048
1606347514 640
739562371 2048
1267505148 576
589685764 1280
1488572382 1408
967733859 2048
990651106 960
908703769 64935
1299200815 192
901073612 641
739562362 441999
1190581298 2048
313137171 2049
1507096171 1536
1799984180 192
739562363 410502
953511938 2048
2132271365 2048
2130615628 432315
739562364 428785
1847832783 576
1190581297 2048
313137170 2049
954923503 64
739562357 98944
1495478390 2048
1356196862 64274
425626205 2048
161310955 2048
876853985 384
8070741 2048
19865199 1024
150028529 2048
1606347511 2048
1994558798 2048
909610790 32146
161310951 2048
150028531 2049
1606347513 2048
1048374736 2048
407824099 640
218258107 1089
161310957 833
1048374735 2048
407824098 1474
954923504 64
739562358 434277
425626206 448
1396453975 2049
1916273327 320
1396453967 2048
1137110990 577
547563263 128
657262716 192
975169498 1408
1386022946 1536
876853983 1728
8070739 2048
1438954360 448
617252182 2048
19865197 1088
1392838249 256
150028527 704
476564849 2048
1606347509 2048
150028530 2048
1606347512 2048
1164548109 25239
2044640958 2049
868244032 2048
739562361 426812
343153638 93465
1290539854 128
558903642 2048
1144748418 2048
1994558792 2049
1446432199 192
1283110022 155235
2075847060 2048
425626204 1664
161310954 2049
1687987867 2048
84973836 43400
558903643 2048
1144748419 2048
1994558793 2048
1283110023 294865
2075847061 2048
876853984 2048
8070740 2048
19865198 2048
150028528 2048
476564850 960
1606347510 2049
1279723428 192
1287932923 577
833552334 2048
739562366 429467
1264107531 320
225663220 1088
1438954359 640
230265522 1600
617252181 2048
395561658 2048
739562368 427524
975169499 2048
1386022947 576
1396453968 2049
1137110991 2048
547563264 448
657262717 384
1190581296 2049
5882065 320
313137169 1728
1211746561 192
1330521799 2048
868244021 2048
1048374724 2048
1203593691 576
230265521 512
617252180 2048
1212361099 640
592716965 576
617252183 2049
617252186 1024
765608926 1600
150028533 2048
1234657793 1088
765608927 512
150028534 2048
150028535 1408
1428642542 64
1810254448 704
975169501 2050
1728692859 128
1280600300 1024
1810254450 1408
1243960090 192
105288717 1344
1488572397 2048
1648776319 128
1475366095 2048
313137172 2048
1190581299 2048
1186208825 832
161310949 1280
313137173 2048
1190581300 2048
1186208826 256
161310950 2048
954755780 64
313137176 2048
974273071 2048
1190581303 2048
459713653 128
459713654 192
161310952 2048
161310956 2048
1712738743 192
161310953 2048
1212361100 2049
1476034619 64
1212361101 2048
1476034620 2049
1476034621 2048
739562365 442128
833552333 1280
12111458 320
395561657 1088
739562367 411467
833552335 832
386104417 192
617252178 1088
589685765 2049
1984602576 1088
1488572383 2048
967733860 2048
279237477 1088
1696918808 576
739562359 420407
343153636 2956
1696918809 1536
739562360 444469
343153637 331639
1946267426 44114
1940039282 1024
2075847053 2049
1940039283 2048
2075847054 2048
1940039284 2048
2075847055 2048
1949988532 576
1107972519 832
2141079213 128
2075847056 2048
2075847057 2048
1472147557 1473
709563669 512
709563670 1600
476564846 2048
1606347506 1472
476564847 2048
1606347507 2048
476564848 2048
1606347508 2049
1428642543 1024
953511939 2048
2132271366 2048
2130615629 426695
331846463 1088
2075847064 2048
953511940 2048
2132271367 2050
2130615630 434473
812524770 448
331846464 2048
2075847065 2049
953511941 2048
2132271368 2049
1627524435 704
2130615631 438669
812524771 1665
331846465 2048
2075847066 448
953511942 2048
2132271369 2048
1627524436 2049
2130615632 440750
331846466 2048
1809222998 2048
953511944 2048
2130615634 439188
342615967 320
331846468 2048
1783743316 128
1809222999 2048
953511945 2048
2130615635 438833
331846469 2048
1809223000 2048
953511946 2049
2130615636 426415
331846470 2048
105288715 768
105288716 2049
2052242821 64
869055157 1216
2025391713 2048
1470349412 128
1529883464 384
1529883465 2048
1529883466 1728
1584054127 768
1584054128 320
2025391719 2048
719538674 1216
2025391721 2048
719538676 2048
2025391723 2048
719538678 2048
2025391724 1216
719538679 2049
719538680 2048
1803373211 1216
719538681 2049
1803373212 896
719538682 896
1994558791 2048
1827990318 320
1495478396 2048
1475061706 2048
869851550 320
954045835 192
1721004728 448
2062343809 128
1721004729 1665
1279972319 2049
1344305409 450
1279972320 2048
1344305410 2048
1279972321 1024
1344305411 2048
1042913591 128
1344305412 2049
1212361102 2048
207495093 192
710905538 2048
313137181 2049
974273076 2048
1190581308 2048
1776241990 1025
1212361103 1472
207495094 2048
207495095 2048
710905540 2049
313137183 2048
1190581310 384
1776241992 1088
207495096 2048
207495097 2048
207495098 2048
207495099 2048
207495100 2048
207495101 1921
1224239473 2048
313137174 2048
1190581301 2048
974273069 1728
313137177 2049
1190581304 2048
974273072 2048
313137178 2048
1190581305 2049
974273073 2048
710905536 1856
313137179 2048
589602007 320
1190581306 2048
974273074 2048
710905537 2048
313137180 2048
1190581307 2049
974273075 2048
1687987866 896
710905539 2049
313137182 2048
1664871775 1088
1190581309 2048
1776241991 2048
974273077 384
1687987868 2049
901073613 2048
975169500 2048
1280600299 64
2025391720 2048
719538675 2048
804135413 128
2082758264 192
710905549 2048
221412911 1216
974273070 2048
313137175 2048
1190581302 2048
954755779 1024
1495478394 2049
1022564197 128
1475061704 1280
1495478395 2048
1475061705 2048
1495478397 2048
1475061707 2048
1495478398 2048
1475061708 832
967733858 2048
1435985819 512
1540767048 128
1407731048 24767
2062343805 1984
1660065146 576
2062343806 2049
78040202 320
1264107527 2048
845261516 576
1660065147 2048
2062343807 2048
1660065148 1536
2062343808 2048
1088442692 576
202673303 1728
1088442693 512
2044640951 768
1330521803 2048
868244025 2049
1666520748 832
2044640952 2049
1330521804 2049
868244026 2048
1666520749 1280
2044640953 2048
1330521805 2048
868244027 2048
2044640954 2048
1330521806 1600
868244028 2048
2044640955 2048
868244029 2048
2044640956 2048
868244030 2048
2044640957 2048
868244031 2048
2044640959 1345
868244033 385
221795639 1088
2132271357 2048
1339792156 2049
1687987871 2049
1956148069 384
717091203 2049
1046190280 896
868244019 2048
1048374722 128
1203593689 2048
717091204 2048
1046190281 1216
1330521798 512
868244020 2048
1048374723 2049
1203593690 2048
617252179 2048
589685766 832
1984602577 2048
1488572384 2049
967733861 2048
2132271356 2048
1339792155 1792
1687987870 2049
2132271358 2048
1339792157 2048
1687987872 2048
2132271359 2049
2130615622 435829
1339792158 2048
1687987873 2048
953511933 896
2132271360 2048
1231884241 512
2130615623 435927
1339792159 2048
1687987874 1216
953511934 2048
2132271361 2049
1231884242 2048
2130615624 447196
1339792160 2048
953511935 2048
2132271362 2048
1231884243 2048
2130615625 438910
1339792161 2048
953511936 2048
2132271363 2048
1231884244 2049
2130615626 434561
1339792162 2049
953511937 2048
2132271364 2048
1231884245 1600
2130615627 426561
1591158103 576
1339792163 320
732790827 128
1687987869 2048
901073614 1472
1809223001 2048
953511947 2048
2130615637 437253
331846471 1024
1073431444 1408
1809223002 2048
953511948 2048
2130615638 28525
1073431445 2048
1809223003 2048
953511949 1216
1073431446 2048
1809223004 2048
1073431447 2048
1809223005 2048
1073431448 2048
1809223006 2048
1073431449 2049
1809223007 2048
1073431450 2048
1809223008 2049
1073431451 2048
1809223009 2048
1073431452 704
1474065129 64
121522075 512
1474065130 2048
121522076 1600
1940039285 2048
868244017 1728
1940039286 1088
868244018 2048
1203593688 2048
558903644 2049
1144748420 2048
1046325779 320
1475366094 1856
1475366096 2049
249132598 1088
1475366097 2048
314430519 1088
1475366098 256
1809223011 2048
1203593675 1536
1809223012 2048
1203593676 2048
1809223013 640
1203593677 2048
2116281825 128
1203593678 2048
1203593679 2048
1203593680 2049
1203593681 2049
1203593682 2048
1203593683 2048
1203593684 2048
1203593685 2048
1203593686 2048
2075847051 2048
2075847052 2048
1686690086 576
2075847058 2048
2075847059 2050
2075847062 2049
2075847063 2048
441453465 2049
967733851 256
441453466 2048
967733852 2048
441453467 2048
967733853 2048
441453468 2048
967733854 2049
441453469 2049
967733855 2048
441453470 2048
967733856 2049
441453471 1217
1435985818 576
967733857 2048
1984602578 2048
1488572385 2048
967733862 2048
1984602579 2048
1488572386 2048
967733863 2048
1984602580 2048
1785055774 1088
1488572387 2048
967733864 2048
8070735 1856
1984602581 2048
1488572388 2048
967733865 2048
8070736 2048
1984602582 2048
1488572389 2048
967733866 2048
150818999 128
8070737 2049
1984602583 2048
1808740690 26196
1488572390 2050
967733867 1856
8070738 2048
975169502 704
1203593687 2048
1339671314 320
