1605622669 197
1929700226 899
2138946868 1024
2138946867 64
636428573 320
636428572 1859
636428571 40
636428570 36
636428569 40
636428568 66
636428564 90
636428563 412
636428562 2017
636428561 4004
636428560 1957
636428559 2146
636428558 2187
845261530 2006
845261529 2062
441453469 1707
441453468 2515
967733855 1765
441453467 2492
967733854 2382
441453466 2038
967733853 1908
441453465 2499
1847832799 459
1847832798 2373
1847832792 2293
2015641127 1437
225663222 140
845261522 2272
1847832787 2326
1283110025 36269
225663221 1669
845261521 1680
2040700308 791
1847832786 1831
225663220 2024
845261520 1965
2040700307 2781
1847832785 2036
1203593679 617
1203593678 2255
2116281825 1983
1203593677 1788
1203593676 2042
1203593675 1651
249132603 2350
314430523 34244
1435985818 33
441453471 1701
868244020 2383
1330521798 481
1087654125 1796
1087654123 2244
1087654122 40
1627524441 2331
1809223001 2247
683267500 2846
1046190280 386
680171910 2658
1389930801 134
1990188141 1839
1389930800 207
1990188140 2097
1339792159 137
1231884241 122
953511933 1054
1990188139 2269
2130615622 2333
1990188138 1679
1339792157 2185
2132271358 592
1990188137 2061
1339792156 2004
42807784 33967
221795639 1737
1088442692 97
1664871775 1093
845261518 2242
2040700305 2548
476564842 1197
240578418 1924
845261517 1930
601544350 559
592716969 243
240578417 2099
1475061704 65
1022564197 18267
845261528 2427
1386022947 679
221412909 191
833552339 34343
1280600299 58
343153648 35972
1004098874 1757
1591158103 447
845261527 1841
1460844138 1281
1386022946 1372
975169498 720
1721004736 1580
845261526 2301
1460844137 951
1721004735 1971
845261525 1981
845261524 1873
840372664 1739
577934856 656
1721004733 2299
1606347506 1694
2062343812 2404
240578422 2231
1721004731 2337
1627524451 1783
2062343811 2084
240578421 1879
1046325793 1975
240578420 2311
845261519 1751
2040700306 2412
1046325792 2098
858572092 833
476564843 1159
240578419 2396
1721004728 510
1280600300 253
1686690086 66
1029952485 1555
1267505148 207
1827990320 1018
1827990319 2020
1994558791 17082
1803373211 1255
719538674 157
1046325791 1650
1584054128 1251
1046325790 2203
1584054127 716
1470349413 592
165635814 858
1470349412 1474
2052242821 653
1428642543 2027
1299200816 532
1428642542 22
647354941 174
486679444 36
486679443 2372
486679442 2396
1243960092 28792
709563669 75
1946267426 5228
1446432200 1615
1446432199 2427
868244021 198
1330521799 20
1087654126 2067
1190581296 34199
1339792158 1984
313137169 5166
1660065146 620
592716968 2075
1407731049 997
876853983 158
1137110998 2117
845261532 102
249132605 2360
845261531 2017
1940039282 1435
314430524 33859
249132604 2559
1507096182 2124
1392838250 2109
19865198 1000
1507096181 2601
1392838249 1843
19865197 1149
309013199 2330
1783743316 1461
631016555 1970
1190581297 34009
218258107 467
1712738744 2391
1438954369 1818
1847832791 2271
858588156 260
1187787905 353
249132602 2353
314430522 34217
840372663 1878
597742376 1943
1438954364 4163
249132601 2930
314430521 34143
840372662 2438
597742375 2716
1438954363 6185
249132600 2874
314430520 34269
840372661 2376
1438954362 98982
1186208826 248
314430519 32920
840372660 2068
1774302562 2269
597742373 2611
1438954361 93155
161310949 215
1186208825 483
840372659 2182
1438954360 73765
840372658 1910
597742371 2450
1438954359 10559
679464581 359
840372656 1993
597742369 2594
597742368 929
1766682709 2615
1712738745 2861
1438954370 2299
1712738743 1686
1438954368 3009
1666520748 207
1344305410 1403
165635812 2319
1344305409 256
1783743332 672
165635811 1745
1916273329 641
1279825992 2041
631016543 101
1855200340 1938
812524770 70
2105408856 33979
1283110026 23582
1847832788 2036
1609582977 2414
407824101 34202
1224239473 2058
1766682712 1972
1081776224 2261
386104420 34087
150028528 2073
230265522 1644
1446432198 1386
270467080 1068
279237477 339
631016544 2282
1855200341 2612
240578407 649
1407731048 34192
42807779 33879
1847832797 2315
322477600 34072
419205982 1551
1847832796 2128
322477599 34018
2015641131 1906
419205981 2115
322477602 34020
1585077719 176
1847832795 1852
322477598 34106
2015641130 2166
1279723440 2801
1847832794 2256
2082758264 192
322477597 1236
2015641129 2058
1279723439 2845
1847832793 2127
2015641128 2211
1279723438 2448
1279723444 1109
221795643 432
901073615 2190
1990188136 2017
1339792155 1787
42807783 34045
314430527 1982
221795642 2092
901073614 1896
1990188135 2009
249132606 893
589602009 945
840372667 1760
459713654 2470
1290539857 2367
221795641 1944
901073613 1999
1990188134 2134
459713653 35
1290539856 2783
1855200339 2494
1190581298 6425
42807785 34017
681234233 1184
2105408855 34112
1827990318 1337
1664871776 829
1998085578 18138
269623685 2347
868244018 2059
680171917 2733
1990188148 1587
1855200338 2830
2105408858 17219
2105408857 33825
1190581295 34202
840372657 2027
597742370 2461
679464580 562
342615967 2116
1627524438 2642
1809222998 1982
657262716 120
683267497 2203
1190581294 28881
858572090 1417
730518637 2148
1243960091 34311
42807780 34042
343153636 963
1696918808 9483
343153646 36169
833552337 33728
617252178 17901
1971373307 2317
1279723442 3018
589685765 1028
386104417 9581
42807781 34366
343153637 16938
1696918809 25591
1609582975 2061
407824099 34171
617252179 17213
386104418 34277
739562357 7297
42807782 34098
1164548109 2213
1438954373 2417
1279723430 2370
1290539854 1718
343153638 35793
1529883464 404
1164548110 33908
1956148069 2436
869851552 2293
1712738749 2664
1438954374 2563
1648776319 293
1279723431 2496
1290539855 2530
343153639 36393
1164548111 33266
1712738750 2040
1438954375 2160
908703769 18215
1283110023 36001
990651106 841
1648776320 2203
1279723432 2759
207495093 83
322477610 34194
730518634 993
1609582971 50
833552335 34109
343153644 35959
395561657 417
1785055774 1221
441453478 2185
552095565 2160
804135413 982
343153641 35875
1994558790 992
845261516 1614
322477601 34415
78040202 1064
1046325789 1977
1940039283 88
314430525 34171
1339671314 370
804135414 171
1290539858 579
459713655 2614
343153642 36235
1046325794 2476
150818999 1012
833552333 21293
322477612 34220
730518636 1998
1000685414 811
1609582973 2139
314430526 34240
1339671315 199
868244019 2079
680171918 196
1990188149 1490
343153643 36041
1046325795 123
833552334 33898
12111458 210
1279825993 2194
1971373306 1040
1776241990 161
331846463 544
1279723441 2419
589685764 1446
343153645 36168
833552336 33958
1224239472 2625
1766682711 2205
1081776223 2182
386104419 34260
150028527 926
230265521 667
1916273327 2024
1493403957 5400
1609582976 2248
407824100 33775
833552338 34187
343153647 36113
680171911 2304
1990188142 1928
1855200342 2781
240578408 1831
680171912 2724
1990188143 1969
1855200343 2601
101560192 417
240578409 2141
833552340 34002
1004098875 1523
343153649 36198
680171913 2623
1990188144 2355
1627524439 2694
1809222999 2386
657262717 95
683267498 1688
2132271355 2061
122749723 33994
1137110990 554
2141191827 2149
1855200344 2533
101560193 751
240578410 2129
1283110022 12403
833552341 13986
680171914 2487
1627524440 2246
1809223000 2072
683267499 2353
592716965 1731
240578413 1611
2132271356 2221
122749724 34175
1234657793 278
1137110991 2605
2141191828 1832
1046325781 1680
1438954367 2499
1747653472 610
1609582972 2236
322477611 34072
1428499946 62
730518635 2031
1299200815 484
868244017 2063
680171916 2718
1990188147 1774
1224239471 2023
1766682710 2000
1081776222 441
1137110992 2668
2132271357 2583
122749725 33212
1529883465 215
1855200345 1557
240578411 2091
111821216 351
1293268171 2078
1712738747 2444
1438954372 2424
909610790 9595
1279723429 2108
221795640 1862
901073612 744
1990188133 803
1774302563 16
597742374 2627
1808740690 5435
1799984180 125
1507096171 1653
1438954371 2350
1279723428 1187
739562358 2140
1986099219 2200
954923504 16975
546781669 1982
1004098890 360
732790828 209
1224239470 1301
1046325782 2187
1197609827 9555
845261523 2005
2062343813 164
1073431444 594
240578423 1273
1721004732 2033
1803373212 1779
122749717 1999
1396453961 542
2141191821 2299
1046325779 2114
2044640951 908
558903644 2320
1438954365 2587
1081776230 1811
1766682718 1017
2141079213 73
1046325780 2104
2044640952 1473
558903645 180
1438954366 3379
1799984181 282
1507096172 1835
240578414 1672
322477613 34256
42807778 19244
1916273328 2564
370564513 721
680171915 1892
1990188146 2153
1895929540 42
1847832789 2202
1847832790 2011
858588155 2683
1187787904 264
1224239474 474
1766682713 1708
1081776225 2293
386104421 25563
1421887768 1227
1803373213 2223
122749718 34169
2141191822 2156
840372665 2237
589602007 1911
840372666 1900
589602008 2475
1063099965 596
322477604 34230
1079209299 127
1971373308 969
1279723443 2560
247901910 355
1627524435 700
683267494 1360
1627524436 2589
683267495 2111
2075847050 165
1627524437 3095
1809222997 1623
683267496 1553
1627524442 2327
1809223002 2356
1627524443 2090
1809223003 2731
1243960090 6348
683267502 470
1627524444 2355
1809223004 1963
1488572382 1895
441453473 2098
2062343805 2000
1627524445 2774
1421887767 639
1809223005 518
1488572383 2459
441453474 2439
2062343806 1692
1627524446 2244
1488572384 912
441453475 2330
2062343807 2273
1627524447 2185
309013189 31
1803373214 2331
122749719 34446
2141191823 2349
2062343808 1957
1627524448 2567
309013190 2610
1803373215 973
122749720 34028
2141191824 2041
2062343809 1711
1627524449 2472
309013191 2102
122749721 34124
2141191825 2205
2062343810 2636
1627524450 2133
309013192 2968
2132271354 1136
122749722 34159
1687987866 115
2141191826 1987
1712738746 2597
1293268170 62
309013193 2077
309013194 2473
1585077720 1923
322477603 34284
2015641135 811
309013195 2294
309013196 2867
322477605 34162
309013197 2516
1725256561 710
1144748413 100
322477606 34111
1679620792 118
309013198 2191
121522075 694
1474065129 31
636428557 1880
322477607 34378
121522076 1496
1474065130 1237
322477608 34040
322477609 34403
1144748414 112
1540767048 166
1055439535 740
459713656 2261
459713657 2396
732790827 2301
1712738751 1246
1283110024 36184
990651107 1055
688766890 109
1279723433 2578
1279723434 2325
1279723435 2796
1279723436 2852
1279723437 2365
1810254448 1090
84973836 10200
1046325783 2036
425626204 261
262755137 911
1137110993 2253
1046325784 1846
1137110994 2430
1287932923 45
1160247162 869
269623679 2375
240578416 2413
711073328 1646
1046325785 2260
1137110995 2284
1046325786 1843
1137110996 2138
1046325787 1457
1137110997 2315
1046325788 2499
309013200 2354
1783743317 1759
1986099220 2064
631016556 2213
309013201 2680
1783743318 2296
1986099221 2646
631016557 2025
309013202 2606
1783743319 1673
1986099222 2056
631016558 1973
309013203 2531
954755779 866
1783743320 1911
1986099223 1569
631016559 2262
1211746561 412
309013204 2930
954755780 1039
1783743321 2227
1211746562 1714
309013205 2719
1783743322 2106
1783743323 2235
1783743324 2305
1417538592 623
1783743325 2257
1476034620 4200
1783743327 2224
489314091 160
1783743328 1812
1783743329 2004
165635808 1971
1783743330 1848
1721004729 2254
1279972317 1028
165635809 1966
888064475 177
1783743331 2174
1721004730 2294
1279972318 997
165635810 1864
343153640 36234
8070735 579
971725357 1163
636428565 475
2104990413 1197
636428566 57
2104990414 2127
974551226 367
636428567 44
2104990415 1471
953511937 2079
269623673 2279
953511939 2155
269623675 2132
953511940 2014
269623676 2318
953511941 1166
269623677 2052
269623678 2077
240578415 1784
711073327 152
269623680 1707
269623681 2423
269623682 1560
269623683 1879
269623684 2186
269623686 1890
1087654124 1887
711076234 676
1540767049 504
1055439536 395
706486985 1384
1613959505 2225
261512934 2701
706486986 787
1613959506 1744
261512935 1979
1507096173 1682
1392838241 2148
1511072058 1225
1507096174 2037
1392838242 1831
1721004734 1716
765608926 1097
1392838256 2061
2105408854 17997
1392838257 214
1392838243 1964
1507096175 1791
1392838244 2536
1507096176 2342
1392838245 1669
1507096177 2067
1392838246 2141
1507096178 1894
1392838247 2206
1507096179 2161
1392838248 2383
1507096180 2167
1392838251 2035
1507096183 2033
1392838252 1704
1507096184 1814
1392838253 2136
1507096185 2045
1392838254 1930
1507096186 2536
1392838255 1860
1507096187 406
425418623 1379
425418624 2477
710905536 192
425418625 2277
425418626 2250
425418627 2022
425418628 1807
425418629 2007
425418630 2318
425418631 2059
425418632 2043
425418633 2177
425418634 1935
425418635 1975
425418636 1771
5882065 494
425418637 2036
1847832783 1540
5882066 2123
425418638 2125
1990188145 2144
1292058887 1400
1847832784 2131
425418639 676
592716966 2218
2111737470 1640
592716967 2444
2111737471 495
972905371 119
901073616 2301
1475366094 1824
202673303 1647
901073617 2672
1475366095 2106
202673304 2528
901073618 1963
1475366096 1985
202673305 2238
901073619 2527
1475366097 2122
202673306 1479
901073620 1325
1475366098 2200
202673307 2172
1475366099 1836
202673308 1921
1475366100 2255
202673309 2418
1475366101 2392
202673310 1611
1766682702 562
1475366102 351
202673311 418
1766682703 2146
717091197 470
1956148063 1554
717091198 416
1956148064 2284
1356196862 5464
2039946063 1486
2040700304 1666
2039946064 962
1087654127 2244
1048374722 160
1613959504 1489
261512933 2118
1613959507 2074
261512936 1054
1613959508 671
954045834 438
1609582974 2420
407824098 24580
1570652405 29
1264107523 1704
1264107524 2407
1306639590 320
1264107525 422
2025391708 1056
2025391709 265
2015641132 1876
1164198452 2101
2015641133 2343
1164198453 2146
1950882020 131
2015641134 2259
1164198454 82
1956148061 1759
1956148062 1776
1956148065 1958
1956148066 2418
869851550 2288
1956148067 1940
869851551 2227
1956148068 2159
869851553 1996
1956148070 2086
869851554 137
1956148071 1737
1956148072 1979
1728692859 362
1956148073 2512
1956148074 2139
1956148076 2084
1956148077 265
1589511375 884
1959173236 322
1589511376 1653
89826202 215
1589511377 1683
1589511378 2044
1589511379 881
388122321 1018
1022919466 2185
547563263 178
317140586 1461
547563264 2263
317140587 1840
1699107629 128
547563265 2293
317140588 1999
105288715 609
547563266 2483
317140589 1655
105288716 2063
547563267 1613
317140590 1836
105288717 1148
547563268 1621
317140591 1768
547563269 1729
317140592 1750
547563270 2020
317140593 1502
547563271 1568
317140594 624
980104121 166
165635813 2147
1495478388 1062
1766682704 2083
1766682705 2236
1766682706 2007
1766682707 2375
1766682708 2089
967733851 424
1984602576 450
441453463 802
967733852 2336
441453464 1583
441453470 2231
441453472 2136
441453476 2356
441453477 2150
441453479 1053
953511934 2394
953511935 2221
269623672 1116
953511936 1990
269623674 2379
953511938 1799
1606347507 488
1235306210 662
631016546 1913
1235306211 2249
631016547 2381
1235306212 1254
631016548 2392
1307451811 132
1949988530 217
869055149 719
869055150 1368
1189286663 1202
1042913591 818
558903641 2174
1042913592 857
558903642 1881
558903643 1833
683267501 2244
1741357799 391
2052242820 153
1956148075 2185
1472147553 176
1766682714 2461
1081776226 2175
20479772 1052
73622501 583
1986099215 95
631016551 2015
1430049942 2154
780759276 61
1986099216 2023
631016552 1905
1430049943 834
1986099217 1916
631016553 2099
954923503 1202
1986099218 1885
631016554 2016
1712738748 2786
1510682566 445
1279825994 2170
1279825995 2002
1855200337 1513
897379176 76
1279825996 197
419205978 1014
269623687 2199
1196080249 137
419205979 2686
269623688 680
1196080250 1845
419205980 2720
1196080251 1794
2141191820 511
1476034619 1228
1783743326 2183
1417538593 143
858572091 1999
730518638 1143
305313676 1079
305313677 2537
305313678 2025
305313679 1673
305313680 967
407824102 10661
1609582978 2390
1937314401 464
1609582979 2131
1695206433 228
1022919461 1008
1022919462 1898
1022919463 2089
1022919464 2176
1022919465 2184
1022919467 2118
1022919468 1968
1022919469 999
1024229467 356
605118627 2121
605118628 132
980104122 1593
1766682715 2331
1081776227 1676
1766682716 2596
1212361099 2201
1081776228 2276
1766682717 2127
1081776229 2015
1081776231 2254
1426647506 376
1081776232 2175
1081776233 2203
1685967257 900
1081776234 1469
1081776235 1461
1081776236 2452
1081776237 1728
1081776238 2194
1862761696 1289
1862761697 2120
1862761698 2247
1107972518 277
1862761699 1605
1107972519 762
1862761700 911
840372651 98
840372652 1553
840372653 2056
1927805245 278
840372654 1845
840372655 1812
631016545 1746
631016549 1987
631016550 2187
1430049941 1422
1810254449 1740
780759275 154
435581119 35
1004098879 2174
435581120 106
1004098880 2207
974273069 311
1029952480 1613
1029952481 1783
1029952482 2195
1029952483 1805
1029952484 2048
1029952486 2093
249132598 1487
1029952487 1793
249132599 2525
1029952488 840
1008101638 567
1048374723 65
1087654128 1929
165635798 697
1087654129 1834
165635799 1763
1087654130 1909
165635800 1801
1087654131 2316
165635801 2026
1087654132 2067
165635803 2145
1087654134 2308
165635804 1835
1087654135 1914
165635805 1845
1087654136 2051
165635806 2080
1087654137 1863
165635807 2277
1087654138 2099
165635802 2524
1087654133 2078
2140335116 1398
1367947609 82
1496727492 74
343153650 36334
1004098876 2232
343153651 35994
1004098877 2033
343153652 6848
1004098878 2138
1004098881 1949
1004098882 2204
1004098883 2209
1004098884 2065
1004098885 1796
1004098886 2034
1004098887 1821
1004098888 2063
1004098889 1895
240578412 2342
597742372 3142
1774302561 2250
261512932 1325
1511072054 1014
1511072055 2032
1511072056 1811
1511072057 1949
1269227297 178
262755138 418
42807786 16026
681234234 2270
681234235 1179
