2108386336 329
2108386335 778
2108386334 694
2108386333 1308
2108386332 883
2108386331 900
907395309 644
907395307 914
907395306 934
907395305 1075
907395304 1239
907395303 735
522700612 50
306391835 157
310623029 422
1445425187 712
724669143 896
724669142 483
724669141 651
724669139 960
724669138 1375
724669137 1221
724669136 962
724669135 941
2053337061 252
2102423943 1192
2053337060 1093
2102423942 865
2102423941 1169
2102423940 1263
2102423939 1145
2102423938 926
2102423937 1347
2102423936 1444
2102423935 168
165541371 402
165541370 1098
1003989351 429
1003989350 910
1816243106 704
1525892388 927
1525892387 1137
1525892386 1111
1525892385 1036
1525892384 158
61026326 547
852564304 128
90003879 37
744854994 727
744854993 581
2104007142 625
471421663 779
2104007141 208
1771324310 938
610532531 896
610532530 1310
610532529 865
610532528 1587
610532527 943
610532526 1469
610532525 1324
610532524 1285
610532523 1160
610532522 936
610532521 1257
610532520 784
610532518 946
610532517 895
610532516 1381
610532515 157
925533819 634
604012163 499
604012162 1019
604012161 939
604012160 810
604012159 1108
604012158 1443
604012157 1353
604012156 1204
604012155 437
1285382851 1245
1285382850 442
1061339166 80
1284970277 1443
1284970276 809
1321426874 721
1321426873 1167
1321426872 398
1900596982 13
1900596976 922
1538995939 1071
283130083 212
1793005385 452
1220465663 147
1094589420 84
328480022 537
862784418 546
862784417 613
862784416 1180
862784414 1052
862784411 1190
862784410 1033
862784408 897
862784407 1547
862784406 1299
862784405 717
862784404 1461
862784403 875
862784402 246
1541498340 589
1541498339 1373
1315950006 374
2072139841 853
2072139840 1527
2072139839 317
554704432 262
554704431 542
157670970 512
519839299 338
519839298 1122
519839297 1451
519839296 825
519839293 938
519839292 850
519839291 938
519839290 1063
999623138 208
519839289 1209
519839288 1127
519839287 919
519839285 1152
519839284 1497
519839283 950
358268628 226
164941868 332
164941867 1320
164941866 1129
164941865 1143
164941864 811
164941863 1453
164941862 1289
164941861 806
164941860 626
1257188 244
1049384568 1770
1049384567 1339
1691881122 325
1691881121 211
1296246766 576
886477601 813
1296246765 1413
886477600 699
1296246764 1119
886477599 925
1296246763 1827
886477598 942
1296246762 1177
886477597 513
1296246761 975
886477596 1254
1296246760 1092
886477595 1364
1296246759 1109
886477594 1289
1296246758 1465
886477593 158
1296246757 1265
1296246756 1237
1296246755 1460
1296246754 1125
1296246753 1320
1296246752 1319
1296246751 1363
1296246750 321
1309704336 128
1656109834 70
2117231359 435
2075899793 64
2075899792 1243
2075899791 1339
2075899790 1416
2075899788 1218
2075899787 1074
2075899786 935
2075899785 1317
2075899784 1419
2075899782 1414
2075899781 1118
2075899780 1319
2075899779 746
2075899778 1103
2075899777 990
724669140 946
1060793839 48
907395316 1109
1792437031 1494
907395315 1138
1792437030 891
907395314 1193
1792437029 1364
907395313 502
1792437028 1390
907395312 701
1792437027 1084
907395311 855
1792437026 1154
907395310 1186
1792437025 702
519839286 1123
1597678887 74
729873552 391
729873551 1591
729873550 1197
729873549 1299
729873548 1486
729873547 1017
729873546 1066
729873545 1170
729873544 1179
729873543 1701
729873542 1652
729873541 1132
729873540 890
1460726359 135
1460726358 1470
1460726357 1709
1460726356 754
1460726355 1181
1460726354 1060
1460726353 1040
1460726352 1037
1460726351 1042
1178752246 63
1173093822 764
396195062 148
508078876 394
1307152567 1176
1307152566 1488
1307152565 1190
1307152564 952
1307152561 1146
1307152560 1215
1307152559 1255
1307152558 1206
1307152557 1413
1307152556 909
1307152555 1283
686957242 192
1229566027 466
107188656 1418
107188655 1245
107188652 1220
107188651 1633
107188650 717
2103230323 166
1249440071 576
1445220480 1043
1445220479 1543
1445220478 1095
1493186203 90
927915989 147
2053861873 933
2053861872 7
1813916485 870
1813916484 938
1813916483 136
107188654 1977
1934353910 100
107188653 1460
1934353909 697
201169655 145
53915561 116
53915558 1596
53915557 1360
1901677938 91
448847137 1363
448847136 1480
448847135 1602
448847134 231
2075899789 1207
1102201876 347
1936706788 355
1936706787 1506
1936706786 1107
964742097 1099
964742096 147
1656906286 1045
448847149 1094
1605622680 1625
1656906285 1172
1827020403 513
448847148 1291
1605622679 1295
1656906284 259
448847147 859
1605622678 917
448847146 1250
1605622677 1247
448847145 1608
1605622676 1114
448847144 1254
1605622675 1013
448847143 955
1605622674 1071
448847142 1399
1605622673 857
448847141 1439
1605622672 852
448847140 1241
1605622671 1229
448847139 1419
1605622670 807
448847138 932
1605622669 198
1166461201 885
1929700227 1574
1166461200 741
1929700226 1594
2138946870 1464
2138946869 1013
2138946868 1783
1084703193 229
2138946867 12
636428561 230
636428560 1120
636428559 856
636428558 1568
636428557 1051
780759277 1129
681234233 31
262755138 1052
262755137 367
679464596 871
679464595 1309
679464594 1235
679464593 1095
679464592 1266
679464591 707
552394006 764
1778302704 401
679464590 1082
552394005 1129
679464589 1485
552394004 1102
679464588 1554
552394003 1422
679464587 1257
111821216 501
1511072056 531
1511072055 821
1511072054 706
261512932 121
1774302577 64
1774302576 1202
1774302575 1599
1774302573 1100
1774302569 1256
1774302568 940
1774302567 1358
1774302566 1416
1774302565 1093
1774302564 1145
1774302562 1252
1774302561 1669
240578408 319
240578407 244
1541498336 783
622527606 364
1430049948 1664
1430049947 1619
1430049945 1643
1430049944 1174
1430049943 947
1430049942 1453
1430049941 912
1430049946 1474
683267494 178
729873539 870
1426647522 356
729873538 272
1426647521 1279
729873537 1345
1426647520 1458
729873536 671
1426647519 1283
1426647518 1413
1426647517 1695
1426647516 1813
1426647515 1544
1426647514 1236
1426647513 1356
1584790427 106
1426647512 1312
1426647511 1386
1426647510 1181
1816243108 988
1426647507 918
1816243107 1229
1426647506 1127
1293268171 128
1293268170 1
1496727493 342
1496727492 200
1367947609 468
1445220477 1502
2140335132 717
1183914028 518
1445220476 1233
2140335131 1151
1183914027 902
1445220475 883
2140335130 1435
1183914026 1129
1445220474 941
2140335129 1331
1183914025 1068
1445220473 208
2140335128 889
1183914024 477
2140335127 1515
8070742 1560
1510682567 1153
310623024 1115
1203593687 1573
975169502 590
8070738 1627
89826218 598
1774302563 1022
1808740690 19745
8070737 1172
89826217 1746
8070736 1416
89826216 1093
8070735 1406
89826215 1204
1785055774 627
1435985818 446
1984602582 1241
967733857 1032
441453469 1779
1984602581 1652
967733856 1272
441453468 1706
1984602580 1759
967733855 1463
441453467 1607
1984602579 1113
967733854 1427
441453466 1453
1984602578 1082
967733853 1198
441453465 944
797153350 1487
157670966 1154
2075847063 1571
1686690086 185
310623023 1096
1203593686 1449
310623022 1103
1203593685 1240
1203593682 1080
1203593681 1304
1203593680 1049
1203593679 1013
1203593678 1472
1203593677 1400
508078875 1437
1809223013 500
1203593676 857
2035485584 377
508078874 538
1809223012 1195
1203593675 1180
508078873 1066
1809223011 1150
314430519 917
1046325779 220
310623025 1211
1203593688 1998
868244018 1546
1940039286 500
1285382853 1096
1087654123 1245
868244017 1122
1940039285 1557
1285382852 998
1087654122 64
121522076 1093
1474065130 1177
121522075 187
1474065129 64
508078871 1391
1809223009 1435
157670955 1130
2075847052 1404
1073431451 1062
508078870 1375
1809223008 1814
157670954 855
2075847051 1324
1073431450 1647
508078869 1315
1809223007 1329
508078868 642
1809223006 1583
1809223004 1737
1073431446 1353
1900596975 1079
953511949 779
1809223003 1589
1073431445 1504
2130615638 18445
1900596974 866
953511948 1383
1809223002 1462
1073431444 789
331846471 701
2130615637 312772
953511947 1875
1809223001 1482
901073614 853
1687987869 1864
1591158103 366
1231884245 1198
1771324308 1035
1417538608 930
2130615626 307292
1231884244 1465
1771324307 1229
1417538607 1661
2130615625 315590
1231884243 1865
732790827 134
2132271362 1516
953511935 980
1771324306 1230
1417538606 1311
1166461204 175
1929700230 61
2130615624 312479
1231884242 1994
190692611 60
2132271361 1513
107188658 708
953511934 1772
1771324305 1090
1417538605 1180
1166461203 943
1929700229 1127
2130615623 302451
1231884241 297
2132271360 1358
107188657 1890
953511933 538
1771324304 1340
1417538604 1176
1166461202 598
1929700228 1071
2130615622 304337
2132271359 958
1771324303 1424
1417538603 1345
1339792157 1607
2132271358 1570
1771324302 1157
1417538602 1556
1687987870 1649
2075899783 1196
1022919461 304
2132271356 872
1771324300 1024
1417538600 1056
617252179 3440
310623027 1295
1203593690 1658
868244020 1460
2138946871 1485
1330521798 492
1087654125 1772
1046190281 957
717091204 1199
310623026 1020
1203593689 1926
868244019 1096
1046190280 766
717091203 1037
1956148069 137
1687987871 1842
2132271357 1056
1771324301 1220
1417538601 1722
221795639 650
868244028 1330
868244027 1235
53915560 1474
1666520749 876
868244026 1140
53915559 1254
1666520748 670
868244025 1231
2138946878 1568
558903644 531
1330521805 1328
2044640951 768
2135778000 162
1088442693 512
1475366094 1546
202673303 1201
1073084480 125
1088442692 576
845261516 240
1605622685 958
1264107527 1221
78040202 196
157670962 1145
2075847059 1394
2062343806 1487
157670961 1277
2075847058 976
2062343805 1728
1407731048 21127
1435985819 433
1984602583 1353
441453470 1415
967733858 1850
1462737311 116
798786910 128
1488572388 1318
1495478398 1314
1488572387 1414
1495478397 1354
1488572385 1807
1495478395 1850
1022564197 259
1488572384 1412
1495478394 1274
954755779 527
1190581302 2448
313137175 2028
724669127 284
974273070 1815
804135413 19
719538675 1291
552393998 745
679464582 1272
2025391720 984
221412911 1216
1189286677 1271
975169500 1042
901073613 1524
1687987868 2112
724669134 1136
974273077 277
1190581309 1424
1774302571 1508
1664871775 886
313137182 1897
710905539 1697
1687987866 896
724669132 951
974273075 1911
1190581307 1913
313137180 1548
710905537 1767
724669131 1194
974273074 1818
1190581306 1662
313137179 1632
710905536 1740
724669130 1219
974273073 1320
1190581305 1680
313137178 1620
724669129 985
974273072 1271
1190581304 2734
313137177 2863
1190581301 2414
1339792163 296
313137174 2277
207495101 1168
207495100 1197
1937314409 807
207495099 1612
1937314408 988
207495098 1211
1937314407 1274
207495097 1834
1937314406 1341
207495096 1320
1937314405 1650
1190581310 254
313137183 1817
710905540 1561
207495095 1195
1937314404 1251
1212361103 1032
1937314403 995
724669133 1107
1719448054 425
249132598 611
974273076 2048
313137181 2127
900844383 128
710905538 1231
207495093 73
1212361102 2118
1937314402 1544
980104129 1497
1344305412 1390
1279972321 620
1279972320 1456
1279972319 1513
797153349 362
157670965 1125
2075847062 1331
2062343809 39
1687987872 1392
1721004728 326
519839295 1240
954045835 69
1488572386 2048
1495478396 1222
1774302572 1913
1827990318 156
1994558791 1933
719538682 325
719538681 1611
1803373211 1012
719538680 1509
719538679 1247
552394002 1421
1399447948 95
679464586 1636
2025391724 1128
719538678 1305
552394001 1007
679464585 1470
2025391723 1257
719538676 1118
552393999 1124
679464583 1827
2025391721 1408
1189286678 1419
719538674 1280
679464581 1109
2025391719 1037
1584054128 320
1584054127 536
1529883466 1260
1529883465 1223
1529883464 213
1470349412 26
2025391713 1250
869055157 584
2052242821 22
1189286670 1044
105288716 1561
105288715 704
331846470 1221
2130615636 307003
953511946 1730
1809223000 1508
331846469 1345
953511945 1146
1809222999 1277
1783743316 128
331846468 1417
342615967 384
1809222998 1185
331846466 1282
1073431448 1252
1627524436 1765
2132271369 1069
797153353 908
157670969 1010
2075847066 239
812524771 1411
1073431447 1455
1627524435 328
797153352 1110
157670968 825
2075847065 1308
812524770 255
797153351 898
157670967 1514
2075847064 1794
1224239473 1200
2132271366 1722
1428642543 679
459713654 384
1606347508 1339
1144748420 1452
476564847 968
1606347506 1318
709563670 957
709563669 258
1472147557 1117
157670960 1010
2075847057 1048
157670959 1193
2075847056 1210
1075095322 320
2141079213 16
1049384570 862
1107972519 228
1949988532 370
157670958 972
2075847055 1287
1940039284 1721
157670957 963
2075847054 1201
1339671314 295
1940039283 1198
157670956 759
1073431452 585
2075847053 1489
974273069 766
1029952480 339
1940039282 620
1946267426 28244
343153637 14096
1696918809 2219
343153636 7344
1696918808 419
1971373307 684
1776241991 1855
331846464 1277
589685765 1801
617252178 1208
2132271368 1518
386104417 391
833552335 758
1660065147 970
739562367 294417
299799104 224
395561657 586
12111458 109
1279825993 1769
150818999 128
833552333 855
739562365 307051
631016544 256
1307152570 619
1212361101 1971
1712738743 192
1572781550 51
161310956 1350
459713653 255
161310953 1445
161310952 1402
1190581303 2450
724669128 744
974273071 1167
313137176 3005
161310950 2441
1186208826 196
1190581300 1680
1834238908 85
1339792162 1555
313137173 2095
161310949 1106
1186208825 725
1190581299 1805
1339792161 1269
313137172 1643
1648776319 41
1488572397 1403
967733865 1630
1984602590 1423
105288717 1053
1243960090 70
862784415 692
1000685414 505
1609582973 1422
1728692859 110
975169501 1399
925533821 394
1428642542 64
2130615635 309663
150028535 929
2130615634 318238
150028534 1406
765608927 361
765608926 1095
89826203 1690
1063943752 1015
1049384563 1122
617252183 2947
1307152569 1440
1212361100 1943
631016543 64
1307152568 1314
1212361099 638
1049384560 840
617252180 2870
310623028 896
1203593691 137
73622501 1337
868244021 1617
2138946872 1453
1330521799 821
1087654126 1625
954755780 60
1211746561 104
1339792158 1599
313137169 1653
1190581296 2015
1063943750 545
1049384561 891
617252181 2146
1438954359 687
1541498338 1104
657262717 384
547563264 448
1234657793 1050
1137110991 1068
1792437039 1321
1396453968 1545
157670963 1737
2062343807 1204
2075847060 1897
1283110022 104451
1446432199 143
2138946876 1270
1330521803 1482
558903642 847
1279723428 66
1606347510 1677
1538995938 263
1290539854 87
343153638 18263
157670964 1288
2062343808 1390
2075847061 1282
476564846 1198
1144748419 1996
2138946877 564
1330521804 1076
558903643 866
1164548109 19416
1606347512 1653
2130615630 304003
150028530 1770
161310951 1432
909610790 16389
1606347511 1185
2130615629 302267
150028529 1358
1322437649 162
8070741 1368
1510682566 495
876853985 384
1606347509 1714
2130615627 300992
230265521 363
150028527 768
1756839187 1088
1392838249 32
8070740 1372
876853984 1848
1660065148 794
739562368 293553
395561658 1607
1386022947 448
975169499 1692
1063943751 1296
1049384562 1290
617252182 1867
1438954360 237
8070739 1719
876853983 1327
1386022946 1373
975169498 898
1190581308 2495
225663220 792
1264107531 317
1660065146 215
739562366 317328
833552334 1448
1541498337 1584
622527607 1179
1430049949 442
657262716 149
1137110990 903
1396453975 1447
1339792160 1708
313137171 2433
1190581298 1909
1994558798 2255
739562363 299463
84973836 28851
1687987867 1836
2140335123 1350
1048374735 1930
425626206 226
1994558793 1631
739562358 308965
1986099219 1273
954923504 34
161310957 590
218258107 902
2140335124 1581
1048374736 1690
1606347513 1543
2130615631 304507
150028531 1057
1971373306 855
1776241990 592
331846463 665
589685764 1203
1339792159 1508
313137170 1788
1190581297 2100
710905549 1502
1847832783 250
739562364 299186
230265522 1183
150028528 1701
2130615628 306149
161310955 1187
425626205 1391
891039676 192
1994558792 918
739562357 65099
161310954 1340
425626204 1024
1774302574 1145
1267505148 576
1606347514 640
2130615632 317806
150028532 1448
862784412 999
1799984180 135
1507096171 1096
901073612 462
925533820 1378
1299200815 192
908703769 51716
1283110023 217396
990651106 480
1916273327 320
1493403957 321
868244022 1354
2138946873 1202
1330521800 1362
1048374722 128
1087654127 1439
546781669 1212
710905547 1236
780759276 1512
1810254450 1470
1144748429 1317
546781670 3210
1189286676 1198
221412910 1854
5882065 327
710905548 1428
1063943753 803
1049384564 1188
617252184 3519
1589511375 1033
1959173236 54
1063943754 610
1049384565 958
617252185 1777
1589511376 722
89826202 999
832498999 127
2132271363 1919
1224239470 932
710905550 1436
1197609827 247
207495094 1570
552095565 384
2105408854 128
1809223005 1845
1421887767 31
1803373212 752
122749717 17853
907395317 1589
1792437032 1261
1396453961 478
780759275 34
1144748428 1281
1810254449 1707
862784413 941
1799984181 271
1507096172 336
1488572398 305
967733866 1586
1984602591 1750
42807778 554
1771324295 974
1476034621 1554
1417538595 1346
441453471 994
967733859 1478
1984602584 1589
370564513 1443
739562361 312932
1994558796 2646
476564849 1121
1144748422 1284
2138946880 2048
2044640953 1840
558903646 703
967733860 1569
1984602585 1340
370564514 1488
1190581294 1594
967733861 1198
1984602586 1512
370564515 517
1190581295 1354
680171910 1803
150028533 1922
2130615633 303906
331846467 1505
2132271370 504
1809222997 978
680171911 1561
610532519 776
1895929540 199
739562369 302397
395561659 462
858572090 452
558903655 1455
739562370 298939
858572091 2359
558903656 1595
1073431449 2001
1627524437 925
2075847050 1492
2132271367 1467
1224239474 251
798786914 969
1488572392 1288
1495478402 1355
1049384569 1091
1107972518 167
1949988531 1460
868244023 1192
2138946874 1300
1330521801 1109
1048374723 932
1087654128 1629
2040700305 1382
1264107529 1475
868244024 1149
2040700306 340
1264107530 1636
1079209299 1829
858588166 1073
719538677 1440
552394000 1450
2083098153 407
679464584 1897
2025391722 1204
1189286679 628
589685766 786
1776241992 1088
331846465 1617
247901910 502
313137184 1780
710905541 1839
1816243110 760
1426647509 1424
1950882021 113
1344305413 684
2082758264 192
322477597 18
2015641129 1012
858588159 876
1203593683 1162
309013189 64
322477598 169
2015641130 953
858588160 1249
310623021 661
1203593684 1334
309013190 710
1900596979 1116
419205980 1655
1900596980 875
419205981 1708
1585077719 63
1900596981 1255
419205982 889
1137110992 1186
1792437040 1161
1396453969 1570
1287932923 265
1160247162 1004
953511943 1381
269623679 1249
101560199 1352
711073328 320
1160247163 1503
953511944 1596
269623680 563
486679442 54
1160247164 2370
1280600299 64
1160247165 1706
1280600300 778
1160247166 560
1725256561 76
1756839185 1191
1392838247 1491
868244029 1655
1144748413 64
868244030 1123
1144748414 1422
1540767048 128
1055439535 120
868244031 1734
476564842 521
1144748415 1411
1994558790 17
1187787906 2292
739562359 307408
1994558794 1560
739562360 299092
1994558795 2457
476564848 1100
1144748421 1956
2138946879 1738
1330521806 1242
2044640952 1943
558903645 731
739562362 309326
1994558797 2435
388997586 385
476564850 586
1144748423 1901
2138946881 1162
2044640954 1783
558903647 801
388997587 776
1144748424 1539
2138946882 1953
2044640955 1293
558903648 1156
1774302570 1674
1998085578 88823
388997588 803
1144748425 1345
2138946883 1094
2044640956 1657
558903649 838
1144748426 1810
2044640957 2095
558903650 1624
1810254448 320
1144748427 1218
2044640958 1927
558903651 1484
1264107528 1699
601544350 243
546781671 1163
597742368 192
858572092 1425
868244032 921
1144748416 1134
476564843 1016
558903657 184
1187787904 134
1187787905 1836
2132271364 1388
1224239471 1225
710905551 1397
1307152562 1126
1081776222 250
647354941 192
739562373 3163
2132271365 962
1224239472 1250
710905552 138
1307152563 1586
1081776223 456
647354942 384
101560192 582
101560193 1482
101560194 1695
101560195 1443
101560196 2120
101560197 1947
897379176 388
1855200337 384
1816243109 1211
1426647508 1182
1950882020 313
313137185 131
710905542 1860
101560200 1487
1446432198 544
2138946875 1396
1042913591 128
1330521802 1586
558903641 836
680171912 264
967733862 1456
1984602587 1327
1488572395 1916
967733863 1605
1984602588 1101
1488572396 1610
967733864 1743
1984602589 1267
1004098874 79
8070743 256
971725357 75
1687987873 1591
1721004729 1349
1279972317 716
1687987874 910
1279972318 1110
2104990413 552
2104990414 950
974551226 431
953511936 1636
269623672 862
1269227299 889
990651112 1769
953511937 1386
269623673 1617
1269227300 1209
990651113 1537
953511938 1083
269623674 976
1269227301 339
990651114 837
2056123610 258
953511939 1265
269623675 1307
2056123611 400
953511940 1301
269623676 923
953511941 1431
269623677 1447
953511942 1564
269623678 1239
101560198 1426
711073327 256
1285382854 612
1087654124 1109
711076234 291
907395308 919
706486985 192
1613959505 1093
1392838241 1237
1392838242 1041
1392838243 1392
1392838244 1363
1756839183 168
1392838245 1488
1756839184 1425
1392838246 1822
1756839186 1538
1392838248 1279
710905543 1394
710905544 1428
710905545 1292
710905546 1760
425418623 994
1008101640 1753
425418624 576
1008101641 1259
1792437038 1768
1396453967 908
2111737471 351
739562371 194362
972905371 878
1475366095 2034
202673304 1327
1475366096 1034
202673305 1012
1475366097 1460
202673306 1485
1475366098 256
202673307 1330
202673308 1283
202673309 821
202673310 862
1307152554 272
111821217 271
1766682702 100
202673311 1592
202673312 1678
202673313 1078
202673314 1568
202673315 892
1495478390 1149
202673318 1231
1284970278 426
717091197 398
1956148063 978
717091198 1200
1669310592 89
1956148064 1233
717091199 1365
1956148065 1529
717091200 1493
1956148066 1044
2116281825 128
717091201 1422
869851550 104
1956148067 1224
717091202 1030
1956148068 1445
1356196862 48258
2039946063 597
2040700304 977
2039946064 648
279237477 1209
270467080 330
1087654130 1744
1048374725 1418
1475061704 902
73622502 1536
1048374726 1656
1475061705 1271
73622503 1483
1048374727 1346
1475061706 1432
73622504 607
1475061707 1510
73622505 594
305313676 896
305313677 128
2140335121 1132
1048374733 1866
2140335122 975
1048374734 1223
2140335125 1385
1048374737 1914
2140335126 914
1048374738 1660
1613959504 1177
1613959506 1765
1613959507 1621
1613959508 1414
1613959509 1392
1613959510 1089
1613959511 1403
1613959512 460
202673316 1400
1495478388 1219
519839294 892
954045834 818
907395318 1046
1792437033 1038
1396453962 1086
907395319 371
1792437034 1189
1396453963 1705
1792437035 830
1396453964 1353
1792437036 1229
592716965 293
1396453965 1404
1792437037 940
2111737470 1344
1396453966 1762
1792437041 642
1396453970 1344
1396453971 1110
1396453972 1274
1396453973 1072
1371238788 95
1396453974 1224
1649027739 320
1396453976 1384
1396453977 905
1279825992 1542
407824099 768
1609582975 1667
1570652406 872
2132271354 771
1771324298 911
888064475 128
1417538598 1231
2132271355 1363
1771324299 1098
1417538599 1808
1656906287 1415
448847150 1122
1605622681 1191
1264107523 948
1656906288 747
1605622682 1226
1264107524 1152
1605622683 1290
1306639590 683
1264107525 1707
1605622684 1396
1306639591 201
1264107526 1246
2025391708 640
869055152 956
1049384573 1449
1189286665 981
2025391709 1520
1535544043 435
869055153 1010
1049384574 1273
1189286666 1528
2025391710 1005
1535544044 1184
869055154 1166
1049384575 1153
1189286667 801
2025391711 1136
1535544045 564
869055155 1166
1049384576 361
1189286668 1672
2025391712 1322
1990188133 128
869055156 680
2052242820 93
1189286669 1041
19865197 566
2025391714 1152
1189286671 923
19865198 1083
2025391715 1121
1189286672 1214
19865199 737
2025391716 1936
1189286673 1174
2025391717 1717
1063099965 376
1189286674 669
679464580 231
2025391718 1601
221412909 896
1189286675 896
1956148061 1262
1956148062 1429
1389930800 128
862784409 879
388122321 256
1460844137 594
577934858 691
1460844138 861
1475061708 774
1747653472 20
1094635040 61
1609582972 1984
547563263 128
317140586 198
868244033 336
1144748417 1165
476564844 675
1144748418 1558
476564845 1256
1048374724 1341
1087654129 1323
165635798 268
1986099222 1375
202673317 1698
1495478389 1295
202673319 284
1495478391 1338
1488572382 635
1495478392 1564
1488572383 1237
1495478393 1385
798786911 1557
1488572389 1081
1495478399 904
798786912 1037
1488572390 958
1495478400 936
798786913 1720
1488572391 1584
1495478401 1146
1488572393 1386
1495478403 1186
1488572394 1304
1495478404 102
1079209300 1218
523036219 590
858588167 1449
1079209301 1044
1679620792 334
523036220 1696
858588168 1450
1079209302 1345
1679620793 745
523036221 1117
858588169 1609
1079209303 1443
523036222 1257
858588170 1236
1079209304 1696
523036223 339
858588171 73
1079209305 1821
730518634 709
1339792155 1468
1079209306 1408
2044640959 752
558903652 1805
1428499946 1217
730518635 991
1339792156 1677
1079209307 44
558903653 1055
1428499947 848
990651107 1238
688766890 250
990651108 1984
688766891 940
990651109 1813
917113052 385
688766892 901
1269227297 820
990651110 1703
1269227298 894
990651111 1680
967733851 256
1984602576 702
441453463 721
967733852 1831
1984602577 1402
441453464 1859
1606347507 1476
1235306210 128
1307451811 448
1307451812 1721
1307451813 1355
1307451814 1018
167073933 159
1307451815 1153
1445220481 1043
1949988530 1103
869055149 565
1048374731 2048
2140335119 1430
869055150 1437
1049384571 1648
1189286663 911
1048374732 1752
2140335120 1265
869055151 1334
1049384572 1083
1189286664 1418
2015641127 702
858588157 1210
2015641128 786
858588158 1162
2015641131 620
858588161 1426
1164198452 192
2015641132 1076
858588162 1235
2015641133 914
858588163 1479
2015641134 954
858588164 1818
2015641135 244
858588165 1368
577934856 292
589602007 232
577934857 1050
489314091 65
508078872 1315
1809223010 1220
1741357799 125
1472147553 383
1472147554 1189
1472147555 1602
1472147556 1314
558903654 1555
1428499948 65
1417538592 241
967733867 1506
1984602592 1024
20479772 128
1344305409 118
980104126 807
1986099215 68
962239629 430
1986099216 1097
1986099217 1525
954923503 49
1986099218 1176
1986099220 1528
1986099221 1680
1986099223 1029
1279825994 162
1900596977 1005
419205978 567
1196080249 118
1900596978 583
419205979 723
1196080250 939
1771324309 1153
2141191820 128
739562372 2324
972905372 599
1699107629 262
1699107630 627
1476034619 128
1417538593 1265
1771324294 313
1476034620 1827
1417538594 1145
1771324296 906
1417538596 1266
1771324297 1113
1417538597 1234
1609582971 64
407824098 1880
1570652405 426
1609582974 1433
1344950801 994
1609582976 1353
1344950802 1393
1609582977 1828
1344950803 2
1609582978 1432
1937314401 556
1609582979 1129
1695206433 123
1024229467 493
605118627 76
89826213 1535
1292058887 774
1292058888 747
858588155 1308
858588156 1583
1685967257 304
717091205 904
980104121 56
980104122 1547
980104123 1003
980104124 1560
980104125 1509
1344305410 1413
980104127 1588
1344305411 706
980104128 1155
1049384566 1074
617252186 1188
1862761696 752
840372651 47
840372652 1592
840372653 1321
1927805245 435
840372654 1313
840372655 1453
435581119 64
471421662 619
435581120 128
1008101638 441
1008101639 1300
1008101642 917
89826204 1532
89826205 1161
89826206 1827
89826207 1193
89826208 1454
89826209 1292
89826210 1681
89826211 1330
89826212 1152
89826214 1284
1048374728 1388
2140335116 710
1048374729 1794
2140335117 1555
1048374730 1404
2140335118 1186
