643588429 1369
643588428 220
1145391993 61
288270231 21
288270230 254
1462085044 1170
1462085043 710
1462085034 619
1462085033 541
1462085032 759
1462085031 77
1525188693 63
1525188692 833
820239791 253
820239790 1238
820239789 957
726867705 1271
726867704 63
1778579557 182
55628975 147
2130688710 867
2130688709 921
2130688706 295
2001139676 469
2001139675 154
958894269 20
958894268 1077
958894267 883
958894262 680
1195651836 1371
1195651835 1332
1195651834 738
1195651832 1056
1195651831 1319
1195651830 1130
13986859 1138
13986858 1594
13986857 1574
13986856 1526
13986855 1003
13986854 1359
13986852 531
1622638493 116
266751665 72
1743068850 314
2108386333 358
2108386332 1249
2108386331 662
306391843 1431
306391842 1248
306391840 950
306391839 1134
306391837 936
306391836 1343
306391835 227
310623022 339
2053337060 660
1183914024 675
2102423936 495
2102423935 130
999623138 165
797153350 35
797153349 239
1816243106 738
1525892397 1336
1525892396 939
1525892395 1066
1525892394 1317
1525892393 1143
1525892392 1193
1525892391 1244
1525892390 1431
1525892389 1468
1525892388 1205
1525892387 1197
1525892386 966
1525892385 1010
1525892384 267
61026330 336
61026329 1109
1525892400 831
61026328 1222
1525892399 1290
61026327 1250
1525892398 843
61026326 927
852564305 533
852564304 752
1084703209 291
782410887 308
1084703208 1024
1084703207 1037
1084703203 1521
1084703202 1060
1084703200 941
1084703199 1113
744854993 484
2104007141 483
1771324308 853
1771324307 850
1771324306 439
1771324305 1315
1771324304 1143
1771324303 1042
1771324302 1392
1771324301 929
1771324300 1273
1771324299 1126
1771324297 1486
1771324296 929
1771324295 1207
610532517 1092
610532516 959
610532515 205
925533819 192
604012159 654
604012158 826
604012157 1116
604012156 1514
604012155 438
1285382851 1660
1285382850 278
1284970280 218
1284970277 941
1284970276 574
1321426872 168
1900596975 32
1900596974 1208
1538995939 1357
283130085 681
283130084 1639
283130083 641
1793005401 226
1793005400 1161
1793005399 1349
1793005398 1348
1793005397 997
1793005396 934
1793005395 1097
1793005394 1054
1793005393 1217
1793005392 934
1793005391 1041
1793005390 887
1793005389 1195
1793005388 1075
1793005387 1040
1342957448 64
1793005385 390
886477601 983
886477600 1055
886477599 1204
886477598 1301
886477597 1217
886477596 1360
886477595 1312
886477594 1357
886477593 208
1220465679 997
1438181768 108
1220465678 820
1220465675 1326
1220465674 1291
1220465673 1053
1220465672 1218
1220465671 1041
1220465670 1501
1094589422 1211
1094589421 1293
1020108674 222
328480022 310
2135778016 53
1555154635 47
2135778015 1073
1555154634 230
2135778014 1025
2135778013 1193
2135778012 1067
2135778011 1101
365609723 1028
2135778005 1498
2135778004 1238
2135778003 1157
2135778002 813
2135778001 1355
2135778000 1362
862784406 733
862784405 1162
862784404 1107
862784403 1432
862784402 657
1166461206 1307
1166461205 797
1541498340 563
1541498339 1308
1315950008 827
1315950007 1244
1315950006 452
908545517 803
2072139849 1561
908545516 1113
2072139848 1183
908545515 1135
2072139847 810
908545514 252
2072139846 1179
2072139845 1367
2072139844 1103
2072139843 880
2072139842 1484
2072139841 1245
2072139840 1648
2072139839 320
1063943750 192
1572781566 579
1572781565 1571
1572781564 1545
1572781563 1147
1572781562 1588
1572781561 1449
1572781560 1256
1572781559 1308
1572781558 1161
1572781557 980
1572781556 1474
1572781554 1119
1572781553 1240
1462085047 840
1572781552 1588
1462085046 978
1572781551 1167
1462085045 759
1572781550 896
554704431 192
552393999 64
552393998 896
519839283 98
167073941 704
167073940 1577
167073939 1372
167073938 1207
167073937 1292
167073936 1288
167073935 1417
167073934 1101
167073933 404
1399447948 128
164941860 401
1061339166 551
1257203 861
1257202 1335
1257201 1153
1257199 1225
1257198 1307
1257197 1130
1257196 1045
1257194 856
1257193 1704
1257192 1169
1257191 1575
1257190 1454
1257189 1027
1257188 1008
1691881123 1294
1691881122 1195
1691881121 275
917113054 405
917113053 1425
917113052 1404
1656906288 735
1656906286 1201
1656906284 741
1296246751 95
1296246750 515
1309704336 140
1656109834 33
1094635041 1214
306391841 823
1669310592 237
1094589420 136
1535544051 965
1535544050 1143
1535544049 1174
1535544048 794
1535544045 807
1535544044 1234
1535544043 492
958894261 906
388997588 1032
388997587 1170
388997586 393
2117231359 295
2075899777 155
2035485584 63
1060793843 1050
1060793842 1259
2083098153 36
1597678888 10
1597678887 276
1460726351 65
1178752246 656
1173093824 755
1173093823 1252
1173093822 863
396195063 210
1538995940 883
396195062 1072
508078869 128
2103230339 148
2103230338 1212
2103230337 1235
2103230336 1403
2103230335 1515
2056123611 951
2056123610 255
13986853 1111
1778302704 320
686957243 370
686957242 304
107188650 56
798786912 1518
1462737312 404
798786911 1207
1462737311 973
798786910 16
2103230329 403
1249440077 1208
2103230328 932
1249440076 1543
2103230327 908
1249440075 945
2103230326 1052
1249440074 773
2103230325 882
1249440073 1358
2103230324 792
1249440072 1284
2103230323 1433
1249440071 1337
1183914040 533
1084703196 1142
1445220488 1361
1183914039 1072
1084703195 953
1445220487 567
1183914036 1020
1445220484 1129
1183914032 1419
1445220480 1347
1183914031 1016
1445220479 1148
1183914030 757
1445220478 1540
1183914029 1154
1445220477 1340
1183914028 727
1445220476 1278
1183914027 672
1445220475 1253
1183914026 1044
1445220474 886
1183914025 766
1445220473 386
2130688708 740
1493186204 199
2130688707 799
1493186203 347
927915990 184
927915989 49
523036219 113
2053861873 1732
2053861872 64
1195651829 895
1813916499 1179
1195651828 1240
1813916498 1052
1195651827 1007
1813916497 1525
1195651826 1097
1813916496 1417
1813916486 1877
1813916485 1685
1813916484 1852
1813916483 185
1934353910 172
1934353909 1004
201169655 741
53915558 180
53915557 1468
1656906285 1337
1827020403 666
1901677938 119
448847134 183
1102201876 78
1936706786 110
964742104 1033
964742103 780
964742102 1094
964742101 990
964742100 635
964742097 1421
964742096 206
1605622669 131
1166461201 1363
1929700227 39
1166461200 990
1929700226 1260
1183914038 802
1084703194 1360
1445220486 1156
2138946868 340
1183914037 1062
1084703193 1004
1445220485 1155
2138946867 7
1306639598 401
1306639597 1496
1306639596 1401
1306639595 1234
1306639594 1046
1306639593 1139
1306639592 1355
1306639591 1390
1306639590 904
636428564 1308
636428563 1117
636428562 1206
636428561 1165
636428560 1125
636428559 1697
636428558 383
636428557 1087
958894266 1409
780759277 1398
681234233 228
262755141 870
262755140 1473
262755139 1512
262755138 1074
262755137 451
679464581 935
679464580 396
13986860 510
111821216 86
1269227299 251
1269227298 1409
1269227297 1200
1511072054 77
261512932 498
1541498336 1071
622527606 396
1430049948 993
1430049947 1665
1430049945 1229
1430049944 1382
1430049943 1271
1430049942 1468
1430049941 883
1430049946 1386
683267494 270
1426647522 255
1426647521 1266
1426647520 1775
729873536 56
1426647519 1280
1426647518 1114
1426647517 1352
1426647516 821
1426647515 1216
1426647514 1501
1426647513 1228
1816243108 553
1426647507 1108
1816243107 1126
1426647506 926
1356196866 301679
954755779 148
313137175 996
1627524435 576
812524771 305
1224239473 748
1785055780 1901
2135778010 1153
207495097 980
1094635052 1223
1937314406 1269
2135778009 1301
207495096 1745
1094635051 1356
1937314405 1392
2135778008 1521
207495095 1181
1540767056 1287
1094635050 1157
1937314404 1827
1094635049 1291
1937314403 1172
365609724 748
2135778006 794
207495093 192
1094635048 1300
1937314402 1466
1344305417 1200
1344305416 1366
1344305415 1655
1344305412 1002
1344305411 1830
1344305410 2048
1344305409 448
954045835 1336
869851554 970
1371238789 90
2111737479 1438
1029952486 1071
1029952485 1231
964742099 1195
719538675 896
964742098 1003
719538674 1216
1529883465 704
395561668 1687
726867706 1175
1529883464 384
395561667 1647
2111737481 1345
1613959504 507
105288716 1565
869851555 1591
1649027739 60
2111737480 1246
105288715 699
12111466 936
12111465 1519
12111464 1233
221795639 728
12111463 1403
121522076 64
1474065130 296
12111462 1688
121522075 402
1474065129 64
12111461 1310
12111460 1716
12111459 1696
1186208826 1589
1774302562 1457
597742373 1517
1438954361 816
1186208825 681
1488572382 1068
1060793846 1100
1435985820 902
967733859 1020
486679442 131
240578411 1124
1660065162 1013
636428569 1258
2104990417 1503
636428568 797
2104990416 993
240578408 1279
1660065159 1381
636428566 1116
2104990414 1479
1660065156 1351
1660065155 1587
1660065154 2061
1660065153 1957
1660065152 1491
1660065150 1514
1660065149 1658
1660065148 1548
1211746561 192
1190581296 1147
1660065146 289
876853983 55
1137110998 909
2141191835 857
240578410 1277
1660065161 1356
101560193 65
150028535 1039
1190581298 167
313137171 1062
1785055782 61
1435985833 1652
1190581297 1716
313137170 1873
218258107 117
1785055781 1926
647354942 590
1081776222 128
647354941 31
1189286673 1379
1022564197 1298
1470349414 1753
1189286672 1781
1470349413 1540
1189286671 1974
1428642543 18
1299200817 774
1799984184 1206
1470349412 1301
2052242821 43
1189286670 1416
1428642542 15
1299200816 1215
597742380 1710
1712738743 1025
1808740694 1246
597742378 1425
1808740693 1706
597742377 1365
1462085042 641
161310953 776
1186208829 939
1462085041 809
161310952 1417
1186208828 1451
1462085040 903
161310951 1441
1186208827 1873
1774302561 1053
597742372 1404
1438954360 1535
597742371 1090
1438954359 535
1660065147 1287
845261517 1664
1572781555 954
601544350 106
636428567 1251
2104990415 1327
1435985831 1583
804135413 497
974551227 455
1137110997 1607
2141191834 1008
1137110996 1144
190692611 425
122749729 311223
358268629 167
1137110995 1734
122749728 320443
1721004728 128
2141191832 1184
358268628 961
1137110994 1276
122749727 312301
2141191831 1369
425626204 809
1137110993 1645
122749726 306976
2141191830 1222
122749725 317752
547563265 1492
2141191829 1386
547563264 1581
2141191828 1519
1137110990 426
2141191827 1185
1293268171 1685
812524770 65
958894265 958
780759276 1434
1810254450 959
958894264 863
780759275 52
1810254449 1335
958894263 837
1810254448 300
869851551 1056
2111737476 1743
869851550 1243
2111737475 1153
459713666 1725
459713665 1996
459713664 2022
1462085039 1220
161310950 1263
1446432202 461
1937314417 889
459713663 1201
1462085038 1102
161310949 1219
1446432201 1582
1937314416 1334
459713662 790
1462085037 1274
1446432200 1215
90003880 1039
1937314415 1250
459713661 1317
1462085036 1249
1446432199 1568
90003879 453
1937314414 1448
459713660 2048
459713657 1370
1144748414 128
459713656 1000
1257195 1268
1725256561 356
1144748413 64
1060793841 1292
1029952496 475
459713655 1622
459713654 1463
459713653 128
1137110992 793
1234657794 704
150028534 1269
247901926 448
1785055774 1770
1435985825 978
1137110991 1187
1234657793 895
150028533 1728
765608926 722
1696918820 1463
395561661 1699
150028532 1424
150028531 1714
1435985822 997
150028530 1193
1488572383 704
1060793847 443
1435985821 936
122749724 313980
1803373219 632
150028529 1765
122749723 305624
1803373218 1677
1351612378 522
1606347510 545
19865198 670
247901920 1838
1060793845 1420
1435985819 861
967733858 1865
1606347509 1178
858572098 1161
19865197 713
1060793844 1599
1435985818 485
967733857 745
643588432 338
1606347508 1200
858572097 1447
247901918 1367
967733856 1524
858572096 1346
247901917 1684
967733855 1584
643588430 840
1606347506 892
858572095 1390
1220465669 1316
1046325795 142
967733854 1458
967733853 1816
967733852 1946
1803373211 1216
1984602576 581
967733851 242
441453463 118
1063099973 11
1063099972 1556
1428499946 139
1063099971 1459
1189286674 1266
1063099965 1837
845261516 1209
1946267436 1620
1190581295 1809
1696918810 1594
343153638 281459
1946267435 1344
1190581294 1287
1493403959 1339
370564514 1241
1696918809 1807
343153637 26067
1946267434 1254
1916273327 871
1493403957 1694
1696918808 707
343153636 7399
1946267433 1997
1084703198 1021
1330521799 373
1022564201 91
1356196870 2475
1022564200 1637
1356196869 2478
1470349416 655
1022564199 1484
1079209299 47
1356196868 37918
1470349415 1461
1022564198 2666
1356196867 309189
1195651825 1316
1813916495 1577
2082758272 512
1774302563 40
597742374 1125
1808740690 2465
1785055777 1108
1435985828 1383
1084703197 1254
1445220489 1018
1330521798 357
1946267430 2735
1940039286 792
1285382853 1408
1087654123 198
1299200815 234
1799984182 1733
597742379 1672
1342957449 254
1793005386 1004
908703769 16
1438181767 76
1220465677 1324
990651106 576
901073626 1673
1946267429 2452
680171916 1278
868244017 192
1285382852 1246
1087654122 64
1344305414 1313
310623021 866
309013190 1088
1859557398 58
1344305413 980
1356196873 2556
105288717 1298
1799984183 1005
1000685414 219
909610799 2742
1356196872 785
1421887767 512
1803373212 1880
122749717 17972
1396453961 381
1771324310 906
2141191821 1015
2116281825 162
1203593678 1221
909610798 1713
1356196871 3460
909610797 2866
1803373215 1801
122749720 312145
2141191824 1310
1771324294 118
1476034620 383
680171926 89
388122321 1094
1803373214 1610
122749719 305263
2141191823 1134
1946267441 2463
1946267442 1514
1476034619 5
1803373213 1979
122749718 307888
508078868 514
1421887768 1519
1396453962 714
2141191822 1356
370564518 1313
1493403963 1975
1946267440 2874
1212361099 30
1279723428 920
1696918824 878
395561665 1333
370564517 1816
1493403962 1705
1946267439 998
1696918823 1472
395561664 1368
1287932924 915
299799104 838
395561657 775
546781670 1442
459713669 1281
314430521 1895
869851553 1258
1371238788 1170
2111737478 1888
1946267432 697
1648776320 182
909610793 1946
1686690086 576
459713667 1767
597742381 800
1998085578 1860
1195651820 52
1813916490 1192
2082758267 1274
1660065157 1525
1164548109 19911
1279723430 623
909610791 2122
1803373216 1295
122749721 305994
2141191825 1649
680171920 1044
546781669 1177
1686690087 315
459713668 1686
314430520 2043
342615967 97
1809222998 1255
869851552 1699
2111737477 1268
1946267431 1796
1648776319 90
240578407 341
1660065158 2048
636428565 1163
2104990413 651
1164548110 30492
909610792 3722
1435985832 1691
804135414 567
1063099969 1536
1189286678 1324
1946267437 2198
370564515 1745
1493403960 1568
1813916488 1520
322477598 256
2082758265 1268
313137176 1505
1293268170 64
1696918819 1609
395561660 1559
597742370 1541
546781673 829
1462085035 999
1446432198 856
1937314413 1759
1771324298 737
888064475 68
1510682582 753
459713659 1753
270467080 1207
279237477 1018
680171925 1275
909610796 1050
1695206434 19
343153639 304842
1696918811 2249
1946267438 1029
370564516 1312
1493403961 1699
1813916489 1127
2082758266 1918
1279723429 1132
909610790 2357
240578409 1326
1660065160 1465
101560192 399
313137177 448
1356196865 301784
680171921 1509
1022919461 681
1696918812 1493
1538995938 89
1290539854 415
1696918818 1802
395561659 2048
1189286677 1447
1063099968 1911
221412911 800
597742369 1850
546781672 2286
459713658 1359
680171924 1742
592716965 1776
1584790427 128
1426647512 1585
1950882024 753
680171918 1663
901073628 738
2040700304 744
1356196863 312559
680171919 1248
1356196864 311768
680171922 1602
1022919462 525
1160247162 583
1287932923 923
1407731048 228
2062343805 576
1799984180 113
247901919 1472
1507096171 320
314430519 1185
2105408855 606
858572106 319
1084703205 1304
2044640952 1469
1666520748 754
1799984181 1640
1287932925 320
299799105 155
395561658 1540
1189286676 1669
1063099967 1616
221412910 1364
597742368 835
546781671 2062
1445425187 428
314430522 2031
680171923 1032
909610794 1474
1696918821 1500
395561662 1379
1696918822 1166
395561663 1011
597742375 1756
1808740691 1205
1785055778 1046
1435985829 1403
597742376 1128
1808740692 1742
1785055779 888
974551226 965
1435985830 1163
617252178 661
386104417 96
499382595 373
313137169 1794
1356196878 1421
897379180 1279
858572094 1319
617252179 1239
869851556 1285
1728692859 608
1280600300 406
975169501 1303
1049384560 76
617252180 843
1166461207 805
150028527 254
230265521 408
313137172 1435
1493403964 1489
370564519 1917
1386022946 24
975169498 1081
1834238908 79
313137173 1192
1493403965 338
370564520 1747
313137174 1189
370564521 138
1195651824 1133
1813916494 1561
2082758271 1397
1445425188 392
314430523 44
12111458 516
1224239471 1045
122749732 306197
2141191836 1284
190692613 516
832498999 46
122749731 309627
1224239470 652
1785055776 1192
1435985827 1576
909610795 1694
1695206433 617
1591158106 882
73622512 1057
365609725 189
2135778007 1021
207495094 1673
552095565 60
1792437025 167
20479780 322
1855200338 1763
897379177 1705
869851557 966
1728692860 753
975169502 314
1195651833 1129
42807778 196
1493403958 1863
370564513 1110
1224239472 954
122749733 298094
1257200 1324
1279825992 131
270467081 192
279237478 319
680171910 981
901073620 1517
1389930801 48
680171911 1335
901073621 1460
680171912 1095
901073622 1452
680171913 925
901073623 1413
680171914 1258
901073624 1340
680171915 1601
901073625 1270
680171917 1879
2141191826 1671
1687987866 270
901073627 1014
1946267426 437
1940039282 882
909610800 2278
1895929540 387
709563669 225
1946267427 1405
909610801 2703
1895929541 1291
709563670 1283
1946267428 1999
1895929542 995
1356196874 2996
1257204 582
1855200337 716
897379176 1259
858572090 468
1220465664 743
1584054127 192
1046325790 1752
858572091 977
1220465665 1902
1046325791 1287
476564842 192
1187787904 76
1855200339 636
897379178 1274
858572092 1704
1220465666 1063
1046325792 1441
1187787905 627
1356196877 1641
897379179 1194
858572093 2319
1220465667 1353
1046325793 1078
858572100 1403
858572101 1072
858572102 1861
1813916487 1551
322477597 64
2082758264 740
858572103 977
858572104 1551
2105408854 715
858572105 1354
1084703204 1204
2044640951 720
1224239474 333
897379181 1203
1107972519 1327
1183914035 1106
1445220483 1443
1949988532 462
1293268186 1226
1510682580 1677
897379182 1074
1510682581 1491
897379183 1389
247901921 1961
1392838241 1260
897379184 1774
247901922 2048
1392838242 950
1656906287 900
1264107523 830
247901923 1546
1392838243 1736
1220465676 1046
1283110022 24961
247901924 1422
1392838244 1296
1756839183 19
247901925 1388
1392838245 61
1785055775 1108
1435985826 1335
1107972518 27
1183914034 1099
1445220482 1482
1949988531 1434
1293268185 1791
1510682579 967
1166461202 1041
2130615622 294908
589602009 281
1166461203 1196
2130615623 299082
266751666 96
1231884241 75
953511933 709
1166461204 1419
2130615624 18828
953511934 1516
1094635047 1269
1937314401 469
597742382 1864
1998085579 2086
1664871775 997
1971373307 1216
909610803 2110
589685765 1027
1776241991 1282
1827990318 237
597742383 1512
1998085580 64
1664871776 1590
1971373308 478
247901910 700
909610804 1943
589685766 528
1776241992 2048
597742384 740
1664871777 1389
247901911 1047
909610805 1592
1776241993 1849
1267505148 128
1664871778 1770
247901912 1329
909610806 64
1776241994 1386
1664871779 461
247901913 1314
1776241995 1367
1073084480 128
1088442692 192
631016544 1567
395561672 1259
1084703206 1126
2044640953 670
1666520749 127
247901914 1861
1776241996 886
247901915 1247
1776241997 1103
247901916 1772
1776241998 1088
1046190280 272
1046190281 66
331846463 369
1971373306 864
909610802 2744
1776241990 742
589685764 664
1356196875 2434
1339792155 891
1356196876 3537
1339792156 57
190692612 1155
122749730 297891
732790827 72
631016543 64
395561671 1873
1220465668 1126
833552333 763
1046325794 1339
150818999 159
343153642 322270
8070737 1566
1073431444 25
1809223001 340
1435985834 1314
1280600299 9
975169500 1515
1046325779 1376
1075095322 388
2141079213 704
1046325780 1728
2141079214 2048
1046325781 1272
2141079215 1877
1197609827 895
1046325782 1464
84973836 216054
2141079216 1786
1046325783 1316
1003989350 603
2141079217 1414
84973837 296139
1046325784 1278
1003989351 802
84973838 95156
1046325785 1802
1003989352 1071
1046325786 1162
1003989353 985
1046325787 1479
1003989354 436
1046325788 1387
1220465663 183
1046325789 1637
1541498337 996
622527607 679
1430049949 380
657262716 146
8070751 182
1293268182 1091
1510682576 1438
1541498338 1314
657262717 457
1293268183 1765
1510682577 1237
1195651821 880
1813916491 1170
2082758268 1196
78040202 775
2072139853 1237
20479775 978
1203593675 1234
1203593676 1180
1203593677 1047
1203593679 1375
1203593680 1068
1203593681 1149
1203593682 1535
309013189 64
1203593683 502
225663220 196
845261520 64
901073612 443
1535544046 1355
1990188133 741
901073613 1011
1535544047 1262
1990188134 192
901073614 1236
901073615 1753
1685967257 513
901073617 1148
901073618 1496
912740769 83
901073619 1294
1389930800 47
2075847050 995
157670954 652
2075847051 383
845261518 1569
845261519 1535
975169499 1161
1940039283 999
1339671314 306
1940039284 1380
1339671315 1629
1940039285 1518
1339671316 931
1783743316 128
2103230334 1190
954923504 128
1986099219 1294
631016555 988
343153640 297202
8070735 1399
343153641 306192
8070736 1445
343153643 308217
8070738 1497
1696918813 1576
1367947609 1206
343153644 55330
8070739 1536
1696918814 1840
1367947610 1391
293109821 189
8070740 1554
1679620792 256
1696918815 2279
1367947611 1897
293109822 936
1322437649 817
8070741 1192
1293268172 1019
1510682566 704
1679620793 271
1696918816 1565
1367947612 1930
1322437650 441
8070742 1764
1293268173 1313
1510682567 1630
1696918817 1462
1367947613 113
1004098874 128
8070743 1268
1293268174 1071
1510682568 1383
8070744 1508
1293268175 1161
1510682569 1573
8070745 1705
1293268176 1033
1510682570 1171
8070746 1627
1293268177 1280
1510682571 1434
8070747 1196
1293268178 1274
1510682572 1234
8070748 1272
1293268179 1273
1510682573 1463
8070749 1166
1293268180 1259
1510682574 1276
8070750 1377
1293268181 1134
1510682575 1650
971725357 860
971725358 1305
306391838 925
1956148061 647
554630639 154
971725359 513
2141191833 966
1279972317 78
636428570 1356
2104990418 1499
636428571 1314
2104990419 1602
636428572 1247
2104990420 1544
636428573 320
2104990421 1217
1055439535 607
1540767048 169
2104990422 1527
1540767050 988
2104990424 1446
1540767051 1148
2104990425 1681
1540767052 1755
2104990426 1819
1540767053 2048
2104990427 957
1540767054 1594
2104990428 1363
1540767055 1789
2104990429 624
269623672 249
1285382854 1202
711076234 728
1285382855 1230
711076235 1433
1285382856 1172
711076236 1269
1285382857 1029
1048374722 128
711076237 1522
1166461208 121
150028528 1283
230265522 497
1540767049 1448
2104990423 1841
1055439536 308
395561666 1436
395561669 1153
395561670 1519
1475366094 40
901073616 1072
202673303 128
425418623 1536
425418624 1588
710905536 1248
425418625 1522
710905537 1577
425418626 1508
900844383 62
710905538 256
425418627 1605
425418628 1928
425418629 1957
425418630 1044
425418631 1611
425418632 1492
425418633 1820
425418634 1527
212197344 553
425418635 1757
212197345 1414
425418636 1407
212197346 1649
5882065 429
425418637 1336
212197347 1082
5882066 1290
1847832783 267
425418638 1416
1292058887 233
212197348 437
5882067 1448
425418639 520
592716966 1737
2111737470 693
592716967 1698
2111737471 706
1660065151 1959
972905371 644
592716968 1836
2111737472 1284
592716969 135
2111737473 1608
2111737474 1715
165541371 141
2111737484 1325
2111737485 1472
2111737486 276
1284970278 887
717091197 139
1284970279 1295
717091198 18
1356196862 138375
2039946063 129
1285382858 772
711076238 661
1048374723 64
954045834 502
954045836 1362
954045837 1644
954045838 732
1094635042 805
407824098 344
1570652405 501
1094635043 1371
1570652406 1235
1094635044 1401
1344950801 731
1570652407 1498
1094635045 1164
1570652408 1137
1094635046 1368
1570652409 876
1803373217 1575
122749722 296283
2132271354 131
2025391708 580
1107972522 1447
1189286665 1587
2025391709 1216
1107972523 1447
1189286666 1403
1164198452 970
711073327 68
1435985823 1143
1589511375 785
1959173236 1252
1435985824 1013
1589511376 561
730518634 64
1959173237 151
897379185 1010
89826202 885
388122322 339
1460844137 191
589602008 1040
577934858 1001
1094635040 753
1609582972 53
547563263 128
317140586 168
165635798 140
631016558 1597
1495478388 521
1307152554 261
1766682702 484
1766682703 1687
1766682704 1109
953511935 622
643588431 1230
1606347507 1144
1235306210 91
631016546 1472
1307451811 429
1307451812 542
1183914033 1017
1445220481 1191
1949988530 838
1293268184 1384
1510682578 1208
869055149 99
1195651822 1293
1813916492 1061
2082758269 1062
1585077719 193
1195651823 1060
1813916493 1640
2082758270 1371
1585077720 1249
2015641127 128
577934856 459
589602007 908
577934857 1501
489314091 114
1084703201 984
1042913591 128
558903641 1088
1809222997 847
1809222999 1146
1809223000 1287
1741357799 272
1243960090 142
1741357800 710
1426647508 1416
1950882020 157
1426647509 1305
1950882021 910
1426647510 1480
1950882022 1089
1426647511 1258
1950882023 769
2052242820 57
1107972526 1107
1189286669 1572
869851558 40
1472147553 139
908545518 400
2072139850 1063
20479772 845
907395303 165
2072139851 1530
20479773 1281
2072139852 1595
20479774 1330
2072139854 1370
20479776 1509
2072139855 731
20479777 1173
706486985 365
20479778 1367
20479779 1588
73622501 1108
1475061704 298
73622502 1125
73622503 1663
73622504 1730
73622505 1597
305313676 723
1747653472 192
73622506 1515
305313677 113
73622507 1225
73622508 1486
1591158103 522
73622509 1405
1591158104 508
73622510 1443
1591158105 1346
73622511 1396
1591158107 446
73622513 1434
73622514 1273
73622515 829
73622516 1698
1229566027 320
73622517 629
2103230330 677
1249440078 1337
1986099215 50
631016551 1256
962239629 1326
2103230331 1360
1249440079 394
1986099216 1568
631016552 1344
962239630 120
2103230332 1101
1986099217 1361
631016553 1294
2103230333 1539
954923503 128
1986099218 1451
631016554 1055
419205978 303
1196080249 9
419205979 211
1196080250 1483
1196080251 1427
1196080252 1642
1196080253 1429
1196080254 1438
1196080255 1378
1196080256 1265
1994558790 17
1196080257 1597
1994558791 6
1196080258 1544
891039676 821
739562357 251
1196080259 1046
891039677 1261
1196080260 1323
891039678 951
1196080261 1098
891039679 1367
1196080262 1780
891039680 473
1196080263 1611
1196080264 1707
1196080265 1199
1927805245 1269
1927805246 1150
1927805247 90
2140335116 427
1771324309 1214
2141191820 223
1699107629 320
1417538592 36
1107972520 1220
1189286663 1120
1107972521 1659
1189286664 1511
1107972524 1077
1189286667 1487
1107972525 1339
1189286668 1297
1063099966 1532
221412909 743
1189286675 575
1063099970 1116
1189286679 450
1609582971 10
688766890 128
2111737482 1120
1024229467 888
165541370 655
2111737483 1536
1024229468 354
605118627 192
1094635053 1215
1937314407 908
1094635054 1333
1937314408 1483
1094635055 1032
1937314409 1098
1094635056 502
1937314410 1338
1937314411 1364
1937314412 1568
858588155 179
980104121 89
980104122 605
1862761696 576
840372651 64
840372652 1341
395561673 678
631016545 1857
522700612 527
631016547 975
631016548 1092
631016549 1098
631016550 1277
631016556 1336
631016557 1346
631016559 1663
435581119 51
471421662 76
435581120 426
1178752247 1332
974273069 992
1029952480 473
724669127 57
1178752248 843
1029952481 1358
1178752249 933
1029952482 1188
1178752250 540
1029952483 1134
1029952484 1403
279610965 94
1719448054 995
249132598 874
1029952487 990
1719448055 308
1029952488 1769
1029952489 1634
1029952490 1187
1029952491 1801
1029952492 930
1029952493 1332
1060793839 793
1029952494 1257
1060793840 851
1029952495 1266
1008101638 320
897379186 1920
89826203 1626
897379187 2067
89826204 1301
897379188 1755
89826205 1294
897379189 1617
89826206 1862
897379190 2048
89826207 1922
897379191 1376
89826208 1182
897379192 251
89826209 1277
89826210 484
858572099 959
1496727492 320
