1102201876 832
1936706786 192
964742097 1515
964742096 384
1605622673 1472
1605622672 2048
1605622671 2048
1605622670 2048
1605622669 640
1929700227 128
1929700226 1984
2138946869 2048
2138946868 2048
2138946867 64
636428557 576
780759276 2048
780759275 64
681234233 192
111821216 1088
1269227299 384
1269227298 1989
1269227297 1689
1511072054 128
261512932 320
240578408 2048
240578407 512
1430049941 192
1496727492 960
1367947613 384
683267496 3456
683267495 3968
683267494 2688
1004098874 768
954755779 118
974273070 2028
1386022947 521
1998085592 50871
1627524435 486
812524770 107
974273075 1703
974273074 2090
1212361104 49179
1212361103 50062
207495093 236
1212361102 46658
954045836 1493
1721004728 452
954045835 2397
869851554 1846
869851553 1814
869851551 1801
1686690092 2042
1686690091 1541
1686690090 1998
1686690089 1783
1686690088 1949
1686690087 1518
1686690086 411
1803373211 1131
719538676 723
2025391721 2211
719538675 1813
804135413 157
2025391720 2170
719538674 1219
679464581 1344
2025391719 1572
1584054135 884
1008101639 98
1584054134 1818
1008101638 820
1584054133 2014
1584054132 2110
1584054130 1891
1584054129 1905
1584054128 1968
1584054127 828
1613959504 446
869851555 1714
1293268170 192
1712738746 2060
1428642546 1840
1428642544 1794
1428642543 1931
1606347506 1186
552095573 271
1428642550 1459
207495101 1892
552095572 2027
1428642549 1754
207495100 1917
552095571 2264
1428642548 1806
207495099 1808
552095570 2184
1428642547 2219
207495098 2338
552095569 2109
683267508 2048
1243960096 48940
1591158107 750
1747653479 1745
1000685420 1975
1488572398 626
1488572397 1472
1648776319 129
1488572394 1813
1488572393 1985
1488572392 1659
592716965 1781
1488572390 1761
1488572389 1672
1488572388 1842
1435985826 1305
1488572387 1761
1785055774 851
1488572386 1552
1971373318 2011
1488572385 2070
1488572382 1133
1971373314 1578
313137173 9057
1660065150 1924
1211746564 2254
313137172 48873
1660065149 1965
1211746563 1915
313137171 49065
1660065148 1898
1211746561 616
5882065 240
313137169 40979
1660065146 592
876853997 1657
317140588 2028
876853996 2202
1699107629 157
876853995 1741
876853994 1923
876853993 1415
876853992 1814
876853991 2036
876853985 1921
876853984 2041
876853983 1953
888064482 1951
845261518 1854
601544351 1655
888064481 1521
845261517 1673
601544350 714
888064480 1473
1107972526 1609
845261516 1787
1264107527 187
101560193 430
974273083 1946
249132605 1643
240578409 1600
101560192 470
974273082 1567
249132604 1849
425626204 531
1428642542 49
150028535 1243
765608928 1781
1234657794 803
150028534 1621
1392838256 1789
765608927 1876
150028533 1698
1392838255 1740
765608926 1265
876853990 1788
395561661 933
1606347514 425
150028532 1980
1392838254 1703
1606347513 1771
150028531 1779
1392838253 1961
1606347512 1907
150028530 1682
1392838252 1797
1606347511 1776
150028529 2191
1392838251 1794
1606347510 1559
150028528 1897
1392838250 1702
1606347509 1390
1392838249 1704
1211746562 1940
313137170 46558
218258107 293
1712738744 1616
1187787905 67
1187787904 97
1774302567 2048
597742378 1603
1438954366 1618
1774302566 2048
597742377 1831
1438954365 1776
1774302565 2048
1808740692 23112
597742376 2003
1438954364 1969
1438954363 1687
1438954362 1649
1186208826 345
161310949 888
1438954361 1863
1186208825 749
1438954360 1698
1438954359 460
869851550 2100
972905375 616
1712738745 1877
1774302569 2048
597742380 1608
1660065147 1807
954923503 860
739562357 4141
1435985820 1626
249132612 1418
1426647510 1152
1950882022 1348
1426647509 4224
1950882021 1723
1426647508 4225
1950882020 291
249132609 1743
249132608 1717
974273085 329
249132607 2081
974273081 1970
249132603 1959
1344305411 1322
974273080 1825
249132602 1601
1344305410 1635
974273079 2146
249132601 1725
314430521 1736
1344305409 219
1279972319 777
314430520 49166
386104420 48826
1164548117 48308
647354941 198
1164548115 46979
617252179 47995
1386022946 1438
1998085591 47518
1164548114 51076
617252178 27284
1197609827 13840
647354942 1825
1164548116 49496
617252180 26243
150028527 640
230265521 324
1916273327 1023
1493403957 3598
1940039290 1117
1470349413 1859
19865197 887
2025391714 1726
908703771 50319
688766891 1599
1488572396 1898
954923504 5579
1488572395 1801
262755137 576
683267507 2048
1243960095 47558
486679445 1520
1591158106 2127
1747653478 1719
1000685419 1428
279237481 1873
279237480 2038
709563669 86
1946267427 18852
270467081 212
279237478 1842
1686690093 1531
270467080 1972
279237477 1410
1107972523 1809
1264107524 1606
908703783 49051
1160247163 891
1438954367 1449
1774302568 2048
597742379 1799
1234657793 1342
1137110991 1725
317140587 1613
547563264 26
1998085594 852
869851556 1932
1728692859 825
1280600300 695
1476034623 49606
1606347508 2087
1235306211 1093
908703782 46519
1855200344 1852
1998085593 49507
1280600299 191
1470349412 1247
2025391713 2150
2052242821 830
908703770 47692
990651107 100
688766890 283
1299200815 106
1585077726 1474
908703769 30848
990651106 946
974273084 1745
249132606 1646
2015641131 1814
683267506 2048
1243960094 50084
486679444 2067
1591158105 1690
1747653477 1702
1000685418 1947
249132600 1508
974273078 1917
1476034619 850
631016543 13
908703778 47906
876853999 469
105288716 1899
317140590 2087
1212361100 48386
1855200340 1725
679464580 768
2025391718 1856
908703775 48723
269623672 1136
2025391717 1595
908703774 49502
688766894 1597
322477599 48801
2082758266 1489
1855200338 2037
1392838257 246
2105408854 445
1474065135 1738
888064477 2135
1476034626 47390
908703785 18528
1279723428 393
1428642545 1864
343153636 634
486679446 185
1696918808 13627
279237479 2024
1940039282 812
1107972522 1594
1264107523 1437
1144748418 1680
1476034622 48121
1606347507 2165
1235306210 672
908703781 48720
711073327 110
1855200343 1649
1488572384 2082
249132614 933
1435985822 1677
1971373316 1804
122749718 22648
1396453962 291
908703777 48188
876853998 1646
105288715 903
317140589 1900
1212361099 14515
1474065137 1994
1855200339 1528
2082758267 1884
1421887767 61
1803373212 836
122749717 3762
1396453961 827
2141191821 1374
249132598 884
974273076 1902
19865199 855
2025391716 2097
908703773 47391
688766893 1960
1488572383 2399
249132613 2310
1435985821 1798
1971373315 1722
908703776 47174
269623673 784
1810254448 540
12111458 398
1279825993 1738
1164198465 1815
486679443 1482
683267505 2048
1243960093 48788
1591158104 1793
1747653476 1798
1000685417 1923
486679442 1902
683267504 2048
1243960092 46029
1591158103 950
1747653475 2093
1000685416 1886
1774302564 2048
597742375 2128
1808740691 49497
1488572391 1378
1855200345 1610
909610790 8222
1986099215 76
1164548112 47422
1164548111 51241
706486985 219
1747653473 1749
1000685414 1309
683267500 2048
657262719 1788
2116281826 1681
546781670 50524
1774302574 2056
1267505148 770
1998085582 47117
84973838 49112
1685967271 1707
1164548109 1846
1164548110 49110
19865198 1408
2025391715 1481
908703772 50901
688766892 1826
1476034620 48811
631016544 1432
908703779 47939
1212361101 48314
1855200341 2144
1476034621 46544
908703780 49020
1855200342 1914
1190581294 8320
974273071 2111
314430519 45999
974273077 2137
249132599 1917
888064483 1119
845261519 1970
601544352 1214
1774302570 2048
597742381 1690
1998085578 49739
974273072 1889
1774302571 2048
597742382 1713
1664871775 1134
1998085579 47526
342615967 412
1809222998 1724
869851552 1833
974273073 1948
888064476 1501
1476034625 49741
908703784 50082
647354947 1707
386104424 13767
1435985824 1954
1589511376 1983
1855200346 1724
89826202 1030
84973836 3444
1687987867 1544
1685967269 1922
1407731048 13698
2062343805 470
1799984180 159
1971373317 1503
1507096171 127
1585077724 1754
84973837 35430
1687987868 1004
1685967270 1601
546781669 27594
1774302573 2048
1664871777 554
597742384 1340
1998085581 49713
683267503 2005
1243960091 49170
1747653474 1672
1000685415 1603
1160247162 978
1287932923 131
1164198466 1860
2130615622 176
1428499959 1671
2116281827 1733
84973839 47564
1022919461 635
1685967272 1769
597742368 815
546781671 46589
1774302575 2047
1267505149 52
1998085583 49099
597742369 1954
546781672 49439
1774302576 2048
1998085584 49940
1144748419 1463
597742370 1767
546781673 49145
1774302577 64
1998085585 46381
1476034627 47285
888064478 1791
1107972524 1767
1306639590 576
1264107525 2142
1144748420 1737
597742371 1562
546781674 46428
1998085586 48219
1774302572 2048
597742383 1530
1664871776 1930
1998085580 48419
1827990318 232
1994558791 26018
1774302561 2048
597742372 1648
546781675 50436
1998085587 48724
1774302562 1990
597742373 2048
546781676 50618
1998085588 46854
683267509 2048
1243960097 49315
1747653480 1498
1000685421 2105
1774302563 2048
1808740690 28358
597742374 1926
546781677 23192
1998085589 48934
683267510 384
1243960098 41265
1747653481 1969
1290539854 1177
1000685422 1758
1998085590 50220
647354945 1726
386104422 76455
647354946 1653
386104423 118711
1435985823 2141
1589511375 1123
1959173236 1509
647354948 1750
386104425 1418
1435985825 1654
1589511377 697
1959173238 1610
1855200347 1499
89826203 1921
647354949 1499
386104426 1723
1959173239 1843
1855200348 1826
89826204 1829
1042913592 876
1940039285 1848
279237482 1649
868244017 469
1087654122 82
386104427 1535
1855200349 1863
89826205 1675
1940039286 1972
1087654123 1512
386104428 2331
1959173241 1942
1855200350 1708
89826206 2006
1940039287 1781
711076234 845
1087654124 1868
386104429 1834
1959173242 1615
1855200351 1758
89826207 1480
459713653 149
1940039288 1758
1330521798 457
711076235 865
1087654125 1923
386104430 1544
1959173243 1875
1855200352 1902
89826208 1656
459713654 1781
1940039289 1839
1330521799 512
1087654126 2084
1283110022 13320
1847832784 1751
1290539860 1819
1000685428 1877
1529883464 413
386104431 2023
1959173244 324
1855200353 1063
89826209 1804
1529883465 1968
386104432 1680
89826210 868
1529883466 1368
386104433 1583
279237489 1950
869851557 1752
1728692860 1858
279237490 1961
407824101 1988
1728692862 1795
407824102 1913
1728692863 1220
279237493 509
407824105 1618
407824106 536
1137110990 756
317140586 1344
547563263 81
1712738747 661
1293268171 4427
1470349414 2038
1022564197 1825
1470349415 1793
1022564198 1776
1470349416 1591
1022564199 1734
1470349417 1683
1022564200 1613
1470349418 1810
1022564201 299
207495094 2256
552095565 1463
1107972525 2227
888064479 2060
1264107526 1644
207495095 2129
552095566 1882
207495096 1497
552095567 1776
207495097 2025
552095568 1954
42807778 4577
1428499951 2137
370564513 1045
279237488 1456
680171910 1747
1389930801 1533
1685967261 1703
680171911 180
1389930802 1551
435581119 95
1685967262 1667
1937314401 284
407824103 1970
1895929540 210
279237492 1784
221412909 50
1063099966 20
1079209300 1734
1164198457 2066
2015641137 2010
1937314402 542
407824104 1949
1895929541 90
1959173240 1683
858572090 405
647354944 1816
386104421 47042
2116281828 2280
1107972521 1743
1476034624 47612
888064475 405
279237491 1779
1063099965 1971
1079209299 1845
1164198456 1665
2015641136 1791
84973840 16906
1685967273 342
309013189 69
2082758265 1985
322477598 46246
2015641130 1887
309013190 1114
1164548113 50105
407824099 1642
407824100 1931
1725256561 993
1392838247 1840
1144748413 50
1144748414 2184
1055439536 184
1994558790 870
1446432198 439
1042913591 804
558903641 139
1144748421 1717
2141079213 242
1747653487 1920
1046325780 1633
1055439535 1063
1540767048 44
1474065134 1570
1088442692 26
1224239470 203
732790828 1640
2044640951 301
221795639 1099
1474065131 1848
1046190280 823
1046190281 1854
1046190282 1761
1046190283 1948
1046190284 1828
1046190285 1629
1046190286 1382
1046190287 1619
1046190288 1189
1339792155 263
2132271356 750
1428499956 1769
732790827 1363
732790829 1860
732790830 1667
202673304 1640
732790831 1637
202673305 273
732790832 1605
386104417 13998
732790833 1940
386104418 47918
732790834 2083
386104419 49352
732790835 215
1687987866 774
1685967268 1876
1584054131 1334
833552333 26208
150818999 311
8070737 192
1073431444 484
1809223001 505
121522075 151
1474065129 31
249132610 1609
1435985818 514
1971373312 1617
249132611 1705
1435985819 1723
1971373313 1644
683267497 4032
657262716 144
683267498 3355
657262717 1755
683267499 2648
657262718 2072
1949988530 474
202673303 1434
1475366094 535
2082758268 440
78040202 1474
1203593675 28
5882066 437
1847832783 1590
1046325779 2143
1747653486 1731
1290539859 1767
1000685427 1941
1847832785 2110
1046325781 247
1747653488 715
1290539861 2023
1000685429 2046
1847832786 1815
1290539862 492
1000685430 721
1847832787 2065
1847832788 1983
1847832789 1951
1847832790 1670
858588155 126
1847832791 502
225663220 1565
845261520 1879
225663221 1774
845261521 1838
225663222 136
845261522 1718
901073612 593
2075847050 30
1984602576 418
441453463 145
967733851 248
331846463 179
1776241990 211
589685764 1091
1971373306 1135
967733852 452
589685765 1785
1971373307 1699
845261523 1830
845261524 27
577934856 691
1940039283 1907
1339671314 132
1940039284 2108
1339671315 757
1783743316 673
8070735 1726
8070736 1851
971725357 1053
971725358 913
1956148061 1354
1721004729 179
1279972317 994
489314094 1597
1279972318 1826
489314095 1655
2104990413 1030
2104990414 1908
974551226 230
2104990415 2382
2104990416 1549
2104990417 1424
2104990418 1734
2104990419 2130
2104990420 1949
2104990421 779
876853986 1984
395561657 882
1164198467 1823
876853987 1772
395561658 1687
1164198468 209
876853988 1733
395561659 1631
876853989 1791
395561660 1667
1971373319 1911
1392838241 1321
1971373320 1451
1392838242 1779
1971373321 1720
1392838243 1878
1971373322 832
1392838244 1849
1392838245 1611
1392838246 1741
1392838248 1662
279237483 2043
425418623 1482
279237484 1930
425418624 1547
710905536 1639
279237485 2165
425418625 1801
710905537 317
279237486 1585
425418626 1700
279237487 1870
425418627 381
592716966 159
2111737470 94
717091197 572
1956148063 178
717091198 1421
717091199 1738
717091200 1528
2116281825 1200
717091201 1274
1356196862 13859
2039946063 990
2040700304 312
2039946064 608
1087654127 1809
1048374722 160
1087654128 1846
1048374723 1728
73622501 1171
1475061704 195
73622502 1787
73622503 862
1231884241 59
953511933 237
1428499960 1811
954045834 1012
954045837 1686
954045838 1799
954045839 1631
954045840 2013
954045841 1821
954045842 1818
954045843 2033
954045844 1738
954045845 1601
954045846 1947
954045847 1857
954045848 2184
954045849 1918
1946267426 9513
954045850 1217
407824098 1637
1570652405 718
2132271354 1164
1428499954 1757
2132271355 1815
1428499955 1778
2025391708 706
869055152 1737
2025391709 1626
869055153 1697
2025391710 1784
869055154 1776
2025391711 2136
869055155 2171
2025391712 1801
1990188133 846
869055156 1877
2052242820 116
2025391722 1920
2025391723 1920
2025391724 1147
1164198464 2257
1956148062 1862
1389930800 213
1685967260 1549
388122321 192
1460844137 523
589602008 651
577934858 1290
1747653472 955
1609582972 58
1747653482 1612
1290539855 1909
1000685423 1945
1747653483 2076
1290539856 1832
1000685424 1878
1747653484 1881
1290539857 1894
1000685425 1821
1747653485 1754
1290539858 1720
1000685426 2213
105288717 1030
317140591 1660
317140592 1950
317140593 1582
317140594 621
2116281829 506
980104121 121
1144748415 1695
476564842 1111
1144748416 1741
476564843 1559
1144748417 1842
476564844 1238
1087654129 1577
1048374724 1985
165635798 872
1087654130 1346
1048374725 1647
165635799 1831
1048374726 1565
165635800 1895
165635801 2025
1495478388 266
1474065130 1671
1474065132 1836
1474065133 1950
1474065136 2066
1079209301 2136
1164198458 1871
2015641138 1750
1079209302 2012
1164198459 2106
2015641139 1667
1079209303 52
1164198460 1884
2015641140 2223
1666520748 434
1766682702 151
1307451811 232
1292058891 1136
1307451812 812
1470349419 1736
869055149 685
1470349420 626
869055150 1884
1107972520 1918
1189286663 190
869055151 1792
78040203 1429
1585077719 140
78040204 1702
1585077720 1949
78040205 1850
1585077721 1658
78040206 181
1585077722 1909
1585077723 1811
1585077725 1770
1585077727 2018
2015641127 1265
2015641128 1987
2015641129 1723
2082758264 1658
322477597 2383
1164198452 1722
2015641132 1786
1164198453 1945
2015641133 1732
1164198454 2192
2015641134 1967
1164198455 2153
2015641135 1933
1164198461 1873
2015641141 1802
1164198462 1398
2015641142 1464
1959173237 1688
730518634 116
1164198463 1779
2015641143 481
1428499946 1613
589602007 1104
577934857 2062
577934859 1886
975169498 619
577934860 1716
489314091 369
489314092 1832
489314093 1688
1809222997 1179
1809222999 1944
1809223000 1703
683267501 2048
657262720 1419
1741357799 408
683267502 2048
1243960090 9052
1741357800 1636
869851558 56
1728692861 1765
1472147553 285
765608929 2035
765608930 2030
765608931 1980
765608932 2046
765608933 1666
1712738743 989
765608934 339
1428499947 1699
1428499948 1945
1211746565 1054
1417538592 115
1428499949 1647
1428499950 2215
1428499952 1811
1428499953 1803
1428499957 1632
1428499958 1971
1428499961 1815
1428499962 162
20479772 1157
20479773 2080
20479774 882
1986099216 93
1293268172 4396
1510682566 460
1679620793 560
1367947612 4480
1279825992 1735
1279825994 1962
1279825995 1538
1855200337 989
897379176 873
1279825996 277
419205978 207
1196080249 52
1196080250 356
1927805245 168
2141191820 252
1660065151 1500
972905371 1148
1660065152 2189
972905372 1441
1660065153 1962
972905373 1630
1660065154 1419
972905374 1678
869055157 1097
1990188134 2067
1990188135 744
589685766 1644
247901910 1636
1971373308 1716
589685767 1853
247901911 1939
1971373309 1877
589685768 713
247901912 407
1971373310 1986
1971373311 1512
1686690094 1032
305313676 257
1609582971 77
647354943 1723
1695206433 160
1024229467 175
605118627 602
1292058887 919
1292058888 2086
1292058889 1716
1292058890 2125
1212361105 46272
1685967257 1105
1212361106 50014
1685967258 1633
1212361107 36044
1685967259 1671
1685967264 1712
1685967265 2235
1685967266 1748
1685967267 1455
1081776222 469
1081776223 473
1862761696 788
1862761697 1631
1862761698 1792
1107972518 119
1862761699 1699
1107972519 1633
1862761700 1029
840372651 9
840372652 1690
840372653 1834
1685967263 1815
435581120 1873
974273069 1478
1029952480 703
165635802 939
2140335116 124
1367947609 1568
1367947610 21577
1679620792 531
1367947611 5504
1510682567 1722
1293268173 4608
1510682568 1407
1293268174 3072
1426647506 3136
1426647507 2880
