510864925 1100
510864924 1167
510864923 1329
510864919 1510
510864918 1131
510864917 860
510864916 1019
510864915 837
510864914 1267
510864913 323
1358528884 1180
1358528883 744
643588429 1014
643588428 302
1145391993 82
293109821 361
288270238 1349
288270237 1131
288270236 962
288270232 1140
288270231 1254
288270230 348
1462085033 966
1462085032 1210
1462085031 92
820239805 122
820239804 953
820239798 799
820239797 570
820239796 955
820239795 1164
820239791 1073
554630647 1041
554630646 1156
554630645 1324
554630644 1192
554630643 1145
554630642 1044
554630641 999
554630640 1109
554630639 206
726867705 244
726867704 122
912740772 951
912740771 1068
912740770 1358
55628975 346
365609735 1505
365609734 952
279610976 839
279610975 943
1351612378 292
2130688713 1411
2130688712 1017
2130688710 548
2130688706 172
2001139677 1084
2001139676 1121
958894275 1023
958894274 720
958894273 1325
958894272 896
958894262 1557
958894261 1334
1622638493 135
782410895 436
782410894 1281
782410893 1322
782410892 1361
782410890 1316
782410889 1048
782410888 1402
782410887 796
266751680 1211
266751679 1111
266751678 923
266751677 1363
266751676 818
266751675 786
522700614 269
522700613 921
522700612 1042
306391836 927
306391835 154
2053337060 454
1183914024 19
190692611 334
2102423935 128
165541375 1145
165541374 916
165541373 1334
165541372 1205
797153349 53
1816243122 447
1816243119 1060
1816243118 877
1816243117 1322
1816243116 1150
1816243115 783
1816243114 1130
1358528886 1477
1525892385 654
1358528885 906
1525892384 271
61026333 1031
61026332 1584
61026331 1604
61026330 1452
61026329 1235
61026328 1589
61026327 1560
61026326 858
852564304 93
90003880 153
90003879 481
744854997 417
744854996 1142
744854995 1112
744854994 1503
744854993 852
1771324308 1240
1771324307 1287
1771324306 1256
1771324305 1110
1771324304 1186
1771324303 1046
1771324302 1593
1771324301 1597
1771324300 1288
1771324297 1430
1771324296 1129
1771324295 1337
610532516 908
610532515 221
925533819 266
604012155 451
1285382851 1121
1285382850 306
1284970276 98
1321426878 692
1321426877 819
1321426876 1287
1321426875 988
1321426874 903
1321426873 1294
1321426872 238
1900596974 403
1538995939 608
283130085 658
283130084 1307
283130083 771
1342957448 3
1793005385 238
886477594 420
886477593 160
820239790 1165
328480024 51
820239789 622
328480023 1286
1020108674 504
328480022 1139
862784418 741
862784417 1307
862784414 922
862784408 1059
862784407 1087
862784406 929
862784405 1164
165541378 453
862784404 881
165541377 631
862784403 1771
165541376 1316
862784402 386
1321426880 643
1166461201 256
1315950014 1061
1315950013 1663
1315950012 1584
1315950011 1092
2072139855 790
2072139849 985
2072139848 1428
908545515 1052
2072139847 998
908545514 331
2072139846 1336
2072139845 1410
2072139844 1391
2072139843 1450
2072139842 1334
2072139841 1153
2072139840 1639
2072139839 585
1063943750 609
1322437650 564
1322437649 646
519839299 221
519839298 1162
519839297 1118
519839296 1358
519839295 1436
519839294 1284
519839293 992
519839292 1400
519839291 1850
519839290 1136
999623138 648
519839289 998
519839288 1004
519839287 1247
519839285 1355
519839284 928
519839283 961
167073949 1181
167073948 1151
167073947 1763
167073946 1336
167073943 1299
167073942 1073
167073941 1177
167073940 1372
167073939 1287
167073938 1213
167073937 1028
167073936 1007
167073935 1200
167073934 1401
167073933 398
164941861 288
164941860 692
1257192 615
1257191 1260
1257190 1198
1257189 942
1257188 454
1049384560 870
1691881121 154
1656906292 619
1656906291 1060
1656906290 1136
1656906286 1326
1656906284 969
1296246750 8
1309704340 639
1309704339 912
1309704338 1619
1309704337 1045
1309704336 504
962239637 116
962239636 1420
962239635 1494
962239634 1383
962239633 1249
962239630 1203
1669310596 855
1669310594 1324
1669310593 1453
1669310592 448
1535544057 683
1535544056 1245
1535544055 1291
554704431 292
1535544054 1233
1535544053 1091
1094589421 386
1535544052 1073
1094589420 43
1535544051 1434
1535544050 1081
1535544049 1325
1535544048 1161
1535544047 1154
1535544045 1677
1535544044 1445
1535544043 359
388997586 98
2117231359 102
2075899781 50
2075899780 1308
2075899779 1391
2075899778 740
2075899777 760
2035485585 447
2035485584 877
2083098161 4
2083098160 860
13986852 547
2083098158 1196
2083098157 1220
1399447949 75
2083098156 799
552394002 860
1399447948 89
2083098155 779
552394001 1173
2083098154 1000
1792437041 638
1792437040 1339
1792437039 1672
1792437038 854
1792437035 1090
1792437031 1212
1792437030 1142
1792437029 1153
1792437028 1463
1792437027 1190
1792437026 1275
1792437025 674
519839286 1595
1597678887 8
1816243121 365
729873537 314
1816243120 1020
729873536 940
1460726353 137
1460726352 1265
1460726351 992
1178752246 470
2130688711 1106
1173093822 128
396195062 165
820239803 1128
2103230327 160
820239802 1180
2103230326 1076
820239801 1061
2103230325 1654
820239800 819
2103230324 1030
2056123611 152
2056123610 384
1307152556 1168
1307152555 1774
1649027739 543
13986853 709
2083098159 1009
1778302704 43
686957243 293
686957242 280
107188650 70
1541498340 1267
622527610 658
1541498339 1586
622527609 940
1541498338 1201
622527608 1083
1541498336 853
622527606 607
798786912 1228
798786911 1379
1462737311 74
798786910 53
820239799 1023
2103230323 1610
1249440071 258
1445220477 716
1445220476 1302
1445220475 1319
1445220474 1342
1445220473 314
2130688709 1502
1493186205 791
2130688708 1184
1493186204 1629
2130688707 1257
1493186203 429
927915992 1210
927915991 1742
523036219 370
167073945 1408
2053861873 424
167073944 1548
2053861872 2
1371238788 107
1315950010 1066
53915573 4
1934353909 427
288270233 1159
201169655 128
1315950009 1164
53915572 1133
1315950008 965
53915571 1663
1315950007 1028
53915570 1447
1315950006 327
53915569 1151
53915558 1383
53915557 1400
1656906285 1389
1827020403 253
1901677938 662
448847136 984
448847135 1483
448847134 464
1102201892 440
1102201891 1255
1102201890 1408
1102201889 1666
1102201888 1174
2108386331 145
1102201887 1246
1102201886 1382
1102201885 1582
1102201884 1608
1102201883 1430
1102201882 1007
1102201881 1662
1102201880 2013
1102201879 1176
1102201878 1875
1102201877 1473
1102201876 976
1936706786 327
2130688722 698
964742104 751
2130688721 1205
964742103 1794
2130688720 1184
964742102 2048
2130688719 926
964742101 1419
2130688718 901
964742100 1522
2130688717 1019
964742099 1269
2130688715 1177
964742097 1598
2130688714 1632
964742096 329
1605622670 307
1605622669 640
1321426879 705
1166461200 961
1929700226 576
2138946868 383
1084703193 441
2138946867 10
1656906289 1507
1306639590 76
636428557 578
681234234 128
2072139854 797
20479776 704
907395305 218
2072139853 968
20479775 1303
1046325779 378
1435985834 1114
1808740696 304881
1435985833 1118
1808740695 302333
1435985832 1166
1808740694 300479
1808740693 301767
1808740692 315714
1435985829 960
1808740691 291299
1435985828 1167
1808740690 175681
1785055776 112
958894277 64
1785055775 1242
958894276 1486
1785055774 1372
279610981 338
1435985822 1637
1488572384 430
279610980 888
1435985821 1411
1488572383 1339
279610979 1109
1435985820 1667
1488572382 889
279610978 851
1435985819 2048
279610977 1226
1435985818 576
868244018 1643
1087654123 128
868244017 1037
1285382852 694
1087654122 64
89826218 896
190692612 1468
732790827 63
1046190292 1179
868244020 1868
1330521798 297
1046190281 1550
717091204 1063
868244019 1467
1046190280 896
717091203 1387
365609727 952
1088442702 1270
1307152554 455
1766682702 171
2135778002 1092
605118632 1049
1088442695 1371
1407731048 297
2082758277 1986
2105408854 1549
221795643 1347
221795642 1172
1475061704 77
1022564197 1250
1813916485 1117
1234657808 1885
486679450 1693
1813916484 1270
1234657807 1299
486679449 1978
1813916483 88
1234657806 1524
486679448 1544
1234657804 1152
1234657802 1295
486679444 1657
1525188692 222
1234657801 1400
486679443 1333
954755783 850
1386022961 1381
975169513 1099
975169512 822
975169511 910
975169509 855
435581123 1192
1386022953 1157
975169505 1094
927915993 1165
435581119 64
1386022952 1791
975169504 1325
1386022951 1288
975169503 1451
1386022949 1892
1728692859 820
1280600300 24
1386022948 947
1280600299 6
1004098874 128
1386022947 1790
1792437036 762
592716965 576
1813916498 1230
2082758275 1561
1234657794 1288
1234657793 981
218258108 574
1234657803 2004
486679445 1515
365609733 1155
1088442708 1086
365609732 888
1555154634 320
1088442707 1209
597742368 94
365609731 1432
1088442706 1473
365609730 1298
1088442705 1325
1279972319 614
1721004728 128
1669310595 1557
869851550 152
111821216 770
1686690086 128
2062343805 130
2075847058 390
1178752252 1196
1029952485 1234
365609739 242
1187787907 1450
1994558791 2028
2130688716 1425
964742098 1528
719538674 128
1529883465 1534
1529883464 262
1470349412 179
2052242821 413
358268631 1325
1234657799 1393
1747653474 1779
862784416 1292
1000685415 732
1428642546 1582
358268629 1855
1234657797 1688
954755779 631
309013203 1636
1747653472 827
1094635040 882
1609582972 973
1428642544 1167
358268628 937
1234657796 1076
309013202 1581
1609582971 40
1299200817 817
1428642543 1194
1234657795 1127
1299200816 1488
1428642542 60
1606347506 659
358268632 190
1234657800 1446
486679442 1917
1591158103 782
1747653475 1202
1538995938 204
1290539854 33
1283110026 299317
1283110025 307304
1847832787 278
1283110024 313139
1283110022 102355
1367947609 1535
486679451 1213
1813916486 1303
1234657809 410
486679447 1492
1234657805 1301
709563670 64
709563669 512
221412913 1059
832499000 1314
1224239471 1563
1847832785 1370
710905551 1252
1081776222 188
1808740706 149297
1664871783 329
212197345 943
710905547 1207
221412912 1517
190692613 483
832498999 645
1224239470 841
1847832784 1617
710905550 1360
1994558790 64
365609738 938
1187787906 1844
212197344 493
710905546 1305
221412911 1563
1847832783 987
710905549 1364
161310960 1892
1446432212 1374
365609737 904
1187787905 1870
710905545 1513
161310959 1466
1446432211 1190
365609736 823
1187787904 36
161310958 1502
1446432210 1337
1747653477 1461
1591158105 1414
1438954359 267
679464581 1255
1771324294 234
1476034620 320
631016544 1347
1344950802 64
1609582977 840
407824101 2447
1725256563 1803
19865197 787
1609582975 996
1570652406 1028
407824099 1633
218258107 739
1712738743 21
1572781550 391
1446432208 1618
161310956 1407
1446432207 1793
161310955 1145
1446432205 1637
161310953 1006
1446432204 2391
161310952 1261
1687987866 654
1813916494 1064
78040205 2003
2082758271 1141
1445425188 1346
314430523 2313
1445425187 688
314430522 2969
840372663 1706
820239793 1257
1186208826 1236
552394000 1324
2083098153 1574
679464584 455
975169508 1114
2104007142 212
435581122 986
510864922 1275
1190581296 450
499382595 1155
313137169 975
212197346 388
710905548 1324
5882065 99
240578407 35
314430521 1652
1648776320 701
1664871775 908
1808740698 309360
1386022962 174
975169514 259
820239792 950
1186208825 467
552393999 1399
679464583 1295
1386022955 1456
975169507 1711
2104007141 545
435581121 1443
510864921 1120
1190581295 2139
1195651821 969
1813916491 1459
78040202 730
2082758268 863
314430520 2554
342615967 320
1591158110 1315
1648776319 384
1386022954 1460
975169506 1378
471421662 128
435581120 1657
510864920 1223
1190581294 1763
1195651820 23
1813916490 854
2082758267 1508
2105408855 1081
1475366094 48
202673303 121
221795644 1216
314430519 2597
161310954 1237
1446432206 1497
1808740697 305228
1998085578 30529
1344950801 1430
1609582976 884
1570652407 1157
407824100 2035
8070737 104
2135778001 1152
1088442694 1783
605118631 1191
89826217 1508
1046190291 1232
876853983 283
1212361099 327
221795645 951
1747653479 988
1591158107 1575
1627524435 519
812524771 1118
266751674 1082
1699107645 1194
1231884249 1068
683267494 617
958894266 993
1810254451 935
358268630 1649
1234657798 1301
1747653473 1003
862784415 1652
1000685414 952
1094635041 721
1609582973 1656
1747653478 1371
1591158106 1233
812524770 448
266751673 1003
1699107644 1435
1231884248 1505
958894265 1233
780759276 160
1810254450 1497
1386022946 1496
1834238908 237
313137173 186
1609582974 1302
1570652405 395
407824098 1506
617252178 457
386104417 644
365609726 1205
2135778008 42
1088442701 1197
912740769 1059
221795647 275
1609582979 635
1937314401 218
150819000 158
1197609840 1522
868244024 2048
1046190285 1299
1660065149 1599
1747653480 558
1591158108 1318
1627524436 2210
958894267 1168
1810254452 1077
897379177 1292
1075095329 1675
1197609832 2656
1211746561 226
309013204 2049
954755780 1865
1687987867 154
1075095325 1441
1197609828 2014
84973836 43116
101560192 135
1283110028 304261
858588155 275
1046190288 1422
1344305410 2042
717091211 1789
270467081 1718
1428642545 1578
343153636 6551
486679446 1670
1696918808 221
1164198459 1380
313137172 2438
1267505152 941
1664871782 1176
1808740705 307778
1046190293 1667
1197609843 1044
1660065152 1912
972905372 1352
1813916489 1086
2082758266 1309
1267505149 1631
1808740702 302612
1664871779 1632
161310957 828
1446432209 1346
546781669 306
313137171 2069
681234233 481
1267505151 1413
1664871781 836
1808740704 298493
365609724 785
2135778006 1354
1088442699 1333
207495093 91
1937314402 1608
288270234 868
1279723428 8
868244021 1244
1330521799 1119
1197609841 2084
1792437037 1234
2111737470 163
868244025 384
1046190286 1001
2044640951 616
1660065150 1377
1164198456 1288
1827990318 171
1664871776 1707
1808740699 314634
1107972523 1686
1656906288 1655
1264107524 193
2130615626 308342
954755782 1722
122749718 30492
508078868 76
1421887768 1688
1792437033 1000
1396453962 1035
1813916497 1445
2082758274 1420
1075095324 1489
1197609827 2067
53915568 1180
1164548110 310110
1267505150 1515
1664871780 1133
1808740703 316405
912740768 95
221795646 1155
1664871778 1684
1267505148 694
1808740701 298180
314430535 128
739562358 2433
962239632 1456
954923504 1177
1164198458 1621
161310963 1247
1342957449 40
908703769 1
1438181767 5
1283110023 313226
990651106 503
499382596 98
313137170 1133
42807778 39
2082758280 277
1660065148 2116
1164198455 1553
1609582978 978
407824102 640
1421887769 1246
1792437034 1357
1396453963 1022
1107972519 1178
1075095322 537
2141079213 484
2130615622 5727
1725256564 1691
19865198 1024
1107972526 1466
61026334 269
845261516 835
862784412 1084
1799984180 192
1507096171 1083
1283110029 313970
2082758279 1393
1660065147 1971
459713654 1790
1940039289 1852
314430531 1601
1164198454 1527
365609729 1117
1088442704 1005
1224239473 1371
1075095327 1477
1197609830 4724
1591158109 1731
1809222997 128
958894268 1050
1810254453 1453
309013205 2212
954755781 1897
122749717 22580
1421887767 281
1792437032 941
1396453961 612
1771324310 1214
2141191821 183
1813916496 1507
2082758273 1358
1446432203 1275
161310951 1656
820239794 1092
1186208827 593
288270235 900
909610790 18714
868244022 1426
1330521800 915
1197609842 2093
1046190287 884
1344305409 341
717091210 1495
2044640952 995
53915559 1389
1666520748 391
972905371 1084
1660065151 1346
279237477 806
270467080 1267
459713657 1226
314430534 3452
962239631 1544
954923503 64
1164198457 1640
1664871777 1289
1808740700 304300
1584054129 906
1197609837 2847
1046190282 1032
1660065146 322
2082758278 1255
1940039287 1801
314430529 1273
1164198452 1611
1075095323 1502
2141079214 813
1197609838 2155
1046190283 1731
2040700304 61
221795641 1281
1940039288 1322
459713653 128
314430530 2092
1164198453 1552
365609728 1244
1088442703 1556
868244023 1391
1046190284 1328
862784413 805
1799984181 175
1507096172 1597
1299200815 256
1339792155 434
1940039285 1904
314430527 791
1229566027 128
1591158111 687
958894270 893
1810254455 2001
1774302561 287
1584054128 1366
1197609836 3423
221795639 1158
1813916499 1140
2082758276 1921
1940039286 1122
314430528 2323
958894271 1016
1810254456 1144
958894264 1176
780759275 35
1810254449 1197
832499001 1077
1224239472 1642
1743068850 20
1847832786 1760
710905552 156
1003989350 491
1075095326 1649
1197609829 1929
2001139675 320
386104419 1810
2130615627 307034
150028527 126
230265521 277
386104418 2921
647354941 21
680171910 1419
680171911 1590
680171912 57
1446432213 1010
601544350 105
161310961 1529
1946267426 10279
1445425189 410
314430524 1858
1940039282 485
1895929540 443
221412909 524
1063099966 1513
1446432214 736
161310962 1479
1895929541 1274
1073431444 128
221412910 1246
1063099967 64
1224239474 502
1075095328 1295
1197609831 1540
1075095330 501
1197609833 2669
897379178 1097
1220465663 409
1197609834 1849
897379179 2034
1511072054 597
1220465664 958
1584054127 557
1197609835 1608
897379180 251
1511072055 1373
2130615623 82872
953511933 56
161310964 1452
688766890 106
1541498337 1106
622527607 1807
657262716 126
1367947622 1388
2130615624 307796
1771324298 1094
888064475 471
161310965 779
688766891 1642
2130615625 306956
1771324299 1067
888064476 371
1656906287 844
1264107523 1148
365609725 897
2135778007 1168
1088442700 1462
552095565 192
1107972524 1159
1747653476 1134
1591158104 1202
1107972525 1554
1063099965 1441
1079209299 192
1803373211 474
247901913 1469
1984602576 519
441453463 642
967733851 256
1984602578 860
441453465 1359
589685764 128
331846463 128
1776241990 1024
1971373306 1116
247901914 512
1984602577 928
441453464 1559
967733852 64
441453466 1172
1776241991 2028
1971373307 1403
1859557398 1442
1344305413 1506
1813916487 1340
2082758264 821
322477597 64
309013189 34
165541371 1653
1024229469 273
1859557399 974
1344305414 1371
1813916488 1180
2082758265 1000
322477598 792
310623021 22
309013190 1213
1859557400 256
1344305415 1429
309013191 2305
1344305416 1762
309013192 1665
1344305417 1388
309013193 1691
631016543 36
309013194 1708
309013195 1341
309013196 1541
309013197 1955
1725256561 1005
314430532 1926
1940039290 1088
459713655 1327
1144748413 16
279610974 1058
1029952496 704
309013198 1443
1725256562 2057
314430533 2192
459713656 1638
1144748414 709
1540767048 112
1055439535 269
121522075 288
1474065129 52
958894263 1390
1810254448 209
958894269 1174
1810254454 2185
1137110990 320
1293268171 1314
1287932923 910
1160247162 845
711073328 64
1187787908 1584
891039676 41
739562357 575
1994558792 1627
1283110030 204366
2015641127 543
1386022950 1783
1728692860 256
1046190289 1351
1344305411 1825
717091212 1575
270467082 1387
1046190290 1088
1344305412 1489
717091213 1103
1660065154 854
270467083 1059
150818999 638
1197609839 2418
833552333 192
12111458 198
1279825993 1519
1107972518 186
1367947625 81
1725256565 424
1446432198 638
1446432199 1342
1446432200 1708
161310949 1193
1446432201 1969
161310950 980
1446432202 2159
1813916495 1483
2082758272 1061
78040206 320
1203593675 1536
1203593676 1784
1203593677 354
225663220 1679
225663221 1851
225663222 1227
1916273327 61
1493403957 63
225663223 1210
370564513 44
225663224 192
840372664 1249
577934856 435
221795640 1240
901073612 222
1535544046 1099
1990188133 47
1627524437 1652
2075847050 963
157670954 140
1627524438 1727
2075847051 1329
1627524439 781
2075847052 1204
2075847053 987
1178752247 1205
974273069 128
1029952480 656
2075847054 1225
724669127 319
1178752248 971
1029952481 1245
2075847055 1543
724669128 330
1178752249 1317
1029952482 1260
2075847056 1406
1178752250 989
1029952483 1495
2075847057 716
1178752251 962
1029952484 1346
314430525 1952
1940039283 1213
1339671314 28
314430526 1924
1940039284 916
1339671315 629
309013199 1091
1783743316 518
309013200 1355
1783743317 1573
309013201 1779
1783743318 358
547563264 872
547563265 1291
1293268173 1398
105288715 591
547563266 1165
1293268174 1162
105288716 185
547563267 1157
8070735 1515
1073084480 52
1088442692 444
605118629 1331
89826215 976
8070736 1583
2135778000 1216
1088442693 1232
605118630 1139
89826216 1156
971725357 474
1279972317 648
1386022959 1300
489314094 1343
1279972318 1318
1386022960 1264
489314095 1381
2104990413 759
2104990414 580
1435985830 1031
974551226 576
269623672 951
269623673 778
711076234 534
711076235 1412
711076236 1887
547563263 85
317140586 360
1699107629 265
1699107630 2048
711076242 553
1699107631 1573
2130615628 313232
230265522 1263
2130615629 308687
230265523 939
2130615630 16352
230265524 1092
230265525 1003
1435985823 1608
1589511375 837
1959173236 1321
230265526 1123
1435985824 908
1589511376 828
89826202 1008
230265527 860
1435985825 1095
1589511377 1397
89826203 1431
230265528 855
1435985826 1196
1589511378 1437
1959173239 1311
89826204 749
230265529 992
1435985827 967
1589511379 425
858572090 192
1959173240 942
89826205 1718
1540767049 139
1055439536 933
706486985 830
261512934 920
706486986 572
299799104 645
1046190294 1202
395561657 530
1046190295 1169
395561658 1346
1046190296 886
395561659 733
1507096173 576
1392838241 1053
1511072058 922
1392838242 1484
1392838243 1509
1392838244 1025
1756839183 224
1392838245 168
270467087 1982
425418624 1431
710905536 1214
270467088 1240
425418625 1100
717091197 405
717091198 1287
717091199 1696
717091200 1417
2116281825 192
717091201 1144
717091202 1695
1356196862 50782
2039946063 420
270467084 1412
270467085 1596
425418623 1387
270467086 1604
710905537 1045
425418626 1693
270467089 1427
1435985831 862
804135413 179
974551227 529
900844383 582
710905538 1190
425418627 1465
270467090 1408
900844384 39
710905539 1450
425418628 1616
270467091 1543
710905540 1019
425418629 1545
270467092 1114
710905541 1325
425418630 952
270467093 1567
710905542 1527
425418631 362
270467094 931
710905543 1696
270467095 1465
710905544 1618
270467096 96
711076237 1874
1048374722 31
711076238 1625
1048374723 1010
73622501 320
711076240 1398
1048374725 1794
711076241 1434
1048374726 1570
1613959504 237
261512933 1767
2132271354 92
2025391708 576
840372662 1227
1927805253 192
1107972522 1247
1189286665 499
1164198460 58
711073327 256
1956148061 220
975169510 1010
1389930800 128
862784409 978
388122321 1309
862784410 1122
388122322 1493
862784411 1185
388122323 136
1460844137 51
840372666 1338
577934858 1148
476564842 551
476564843 1057
476564844 261
711076239 1790
1048374724 1856
165635798 452
1495478388 1277
1495478389 128
1474065130 143
53915560 800
1666520749 1622
53915561 914
1666520750 1131
53915562 1419
1666520751 1401
53915563 1396
1666520752 1096
53915564 1098
1666520753 1126
53915565 1300
1666520754 980
53915566 1347
1666520755 1529
53915567 1121
1164548109 18744
1666520756 622
441453467 913
1776241992 1970
247901910 1538
1971373308 1504
1235306210 290
1235306211 1458
1235306212 896
1307451811 269
1292058891 486
1307451812 967
869055149 128
840372659 1546
1927805250 1508
2140335119 1857
1813916492 1625
78040203 1181
2082758269 1374
1585077719 50
1813916493 1321
78040204 1340
2082758270 1290
1585077720 294
589602007 605
840372665 1389
577934857 1163
840372667 1216
577934859 952
975169498 969
577934860 1322
975169499 1296
577934861 1608
975169500 1388
577934862 1634
975169501 1921
577934863 1492
975169502 1241
577934864 756
1386022956 1360
489314091 425
1386022957 1367
489314092 1670
1386022958 1431
489314093 1157
1042913591 74
558903641 145
1541498341 1238
1741357799 200
1541498342 874
1243960090 211
1741357800 1595
1541498343 1178
1243960091 693
1741357801 1341
1541498344 1024
1741357802 1293
1541498345 1547
1741357803 1340
1541498346 1198
1741357804 1216
1541498347 1496
1741357805 1253
419205978 768
1196080249 128
1541498348 1091
1741357806 1414
419205979 464
1196080250 448
1541498349 1494
1741357807 1593
1541498350 1220
1741357808 1402
1541498351 1598
1741357809 1721
1541498352 635
1656109834 896
1741357810 1484
1656109835 599
1741357811 1206
1741357812 614
1778579557 81
1741357813 1454
1741357814 1405
425626204 614
1741357815 1276
266751681 706
2052242820 63
1472147553 441
1472147554 1201
1472147555 707
765608926 192
782410891 1232
1428499946 669
1959173238 1292
730518635 732
2072139850 1651
20479772 1019
266751670 782
1231884245 1481
1699107641 1814
907395303 645
2072139851 832
20479773 1462
266751671 1304
1231884246 1411
1699107642 1699
907395304 1168
2072139852 1232
20479774 1385
266751672 824
1231884247 1703
1699107643 1568
1986099215 128
1430049942 1534
962239629 1017
1986099216 146
1430049943 609
1293268172 788
1510682566 77
365609723 792
2135778005 1429
1088442698 1465
605118635 174
486679454 2116
1367947612 1081
1279825992 1203
1279825994 1216
1061339166 373
1279825995 1105
1855200337 128
897379176 1333
1279825996 69
840372656 1751
1927805247 1297
2140335116 1280
2140335117 1714
2140335118 1402
840372660 1331
1927805251 1740
1107972520 1550
1189286663 993
2140335120 660
840372661 1210
1927805252 1398
1107972521 1426
1189286664 1097
1771324309 1418
2141191820 341
1660065153 1970
972905373 262
1699107632 1501
1699107633 1433
1699107634 1634
1699107635 1643
266751665 92
1699107636 1213
717091205 1569
980104121 21
266751666 1270
1231884241 313
1699107637 1275
717091206 1492
980104122 1284
266751667 1242
1231884242 1479
1699107638 2048
717091207 1594
980104123 1727
266751668 1315
1231884243 1647
1699107639 1644
717091208 1684
980104124 1689
266751669 1287
1231884244 1238
1699107640 1232
717091209 1032
980104125 1347
1776241993 1176
247901911 1469
1971373309 1345
1776241994 654
247901912 1548
1971373310 709
1417538592 331
1476034619 128
1417538593 948
305313676 54
1695206433 481
1695206434 1074
1695206435 1322
1695206436 969
1695206437 865
1695206438 1318
1695206439 1111
1695206440 1438
1695206441 1345
1816243106 869
1695206442 1099
1816243107 1185
1426647506 115
1695206443 1358
1816243108 1215
1695206444 1297
1816243109 1225
1950882020 303
1695206445 1140
1816243110 1555
1950882021 1249
1695206446 1551
1816243111 1204
1695206447 1478
1816243112 1316
1695206448 1417
1816243113 1112
1584790427 77
1695206449 653
1022919461 1054
1022919462 587
1022919463 452
917113052 192
688766892 1029
1024229467 1065
165541370 1061
1024229468 1515
605118627 1356
89826213 734
605118628 953
89826214 902
2135778003 1397
1088442696 1558
605118633 1225
486679452 1018
1367947610 1233
2135778004 1333
1088442697 1227
605118634 1603
486679453 1787
1679620792 74
1367947611 1354
1937314403 1881
1937314404 1318
1283110027 305043
1269227297 98
1937314405 1386
1937314406 1766
1937314407 1746
1937314408 1350
1937314409 1433
1535544058 250
1292058887 791
1535544059 655
1292058888 1291
1292058889 1264
1292058890 933
1959173237 1262
730518634 534
1685967257 777
927915989 143
1685967258 1134
927915990 1247
1685967259 512
1959173241 1529
89826206 1553
1959173242 1206
89826207 1536
1959173243 1424
89826208 1240
1959173244 255
89826209 903
1862761696 695
1862761697 621
840372651 38
840372652 1302
840372653 1440
1927805245 1644
840372654 1197
1927805246 1358
840372655 1737
1927805248 1275
840372657 1212
1927805249 1532
840372658 1854
1178752253 1219
1029952486 1487
279610965 999
1719448054 17
1178752254 1227
249132598 1001
1029952487 1315
279610966 1406
1178752255 1308
249132599 372
1029952488 1154
279610967 911
1178752256 1463
1029952489 1116
279610968 1098
1178752257 1163
1029952490 1731
279610969 1058
1178752258 1278
1029952491 1984
279610970 858
1178752259 1333
1029952492 1440
279610971 698
1178752260 362
1029952493 1165
279610972 1180
1060793839 124
1178752261 1104
1029952494 1529
279610973 1107
1178752262 779
1029952495 1220
1008101638 223
89826210 890
89826211 1144
89826212 1080
486679455 1819
1367947613 1444
486679456 1616
1367947614 1397
486679457 1859
1367947615 1548
486679458 38
1367947616 1751
1367947617 1112
1367947618 1406
1367947619 1984
1367947620 1655
1367947621 1253
1367947623 1620
1367947624 310
1496727492 99
1293268170 64
1430049941 995
261512932 811
1511072056 1444
1511072057 2048
679464580 466
552393998 594
679464582 1304
