1792437028 774
1792437027 2048
1792437026 2048
1792437025 1024
1597678887 128
729873552 576
729873551 2048
729873550 2048
729873549 2048
729873548 2048
729873547 2048
729873546 2048
729873545 2048
729873544 2048
729873543 2048
729873542 2048
729873541 2048
729873540 2048
1460726359 320
1460726358 2048
1460726357 2048
1460726356 2048
1460726355 2048
1460726354 2048
1460726353 2048
1460726352 2048
1460726351 1792
1178752246 128
1173093822 1088
396195062 192
508078876 1152
1307152567 2048
1307152566 2048
1307152565 2048
1307152564 2048
1307152561 2048
1307152560 2048
1307152559 2048
1307152558 2048
1307152557 2048
1307152556 2048
1307152555 2048
686957242 192
1229566027 576
107188656 2048
107188655 2048
107188652 2048
107188651 2048
107188650 1088
2103230323 192
1249440071 576
1445220480 2048
1445220479 2048
1445220478 2048
1493186203 192
927915989 192
2053861873 2048
2053861872 64
1813916485 1856
1813916484 2048
1813916483 256
107188654 2048
1934353910 320
107188653 2048
1934353909 1792
201169655 192
53915561 192
53915558 2048
53915557 1920
1901677938 192
448847137 2048
448847136 2048
448847135 2048
448847134 576
1102201876 576
1936706788 704
1936706787 2048
1936706786 1408
964742097 1728
964742096 384
448847149 2048
1605622680 2048
1827020403 576
448847148 2048
1605622679 2048
448847147 2048
1605622678 2048
448847146 2048
1605622677 2048
448847145 2048
1605622676 2048
448847144 2048
1605622675 2048
448847143 2048
1605622674 2048
448847142 2048
1605622673 2048
448847141 2048
1605622672 2048
448847140 2048
1605622671 2048
448847139 2048
1605622670 2048
448847138 2048
1605622669 640
1929700227 2048
1929700226 1984
2138946870 2048
2138946869 2048
2138946868 2048
2138946867 64
636428561 320
636428560 2048
636428559 2048
636428558 2048
636428557 1792
780759277 2048
681234233 192
262755138 1408
262755137 704
679464596 1344
679464595 2048
679464594 2048
679464593 2048
679464592 2048
679464591 2048
1778302704 576
679464590 2048
679464589 2048
679464588 2048
679464587 2048
111821216 1216
1511072056 960
1511072055 2048
1511072054 1152
261512932 128
1774302577 64
1774302576 2048
1774302575 2048
1774302573 2048
1774302569 2048
1774302568 2048
1774302567 2048
1774302566 2048
1774302565 2048
1774302564 2048
1774302562 2048
1774302561 2048
240578408 576
240578407 512
622527606 896
1430049948 2048
1430049947 2048
1430049945 2048
1430049944 2048
1430049943 2048
1430049942 2048
1430049941 1408
1430049946 2048
683267494 192
729873539 2048
1426647522 384
729873538 2048
1426647521 2048
729873537 2048
1426647520 2048
729873536 1536
1426647519 2048
1426647518 2048
1426647517 2048
1426647516 2048
1426647515 2048
1426647514 2048
1426647513 2048
1584790427 128
1426647512 2048
1426647511 2048
1426647510 2048
1426647507 2048
1426647506 1728
1293268171 128
1293268170 64
1496727493 704
1496727492 384
1367947609 576
1445220477 2048
2140335132 832
1445220476 2048
2140335131 2048
1445220475 2048
2140335130 2048
1445220474 2048
2140335129 2048
1445220473 448
2140335128 2048
2140335127 2048
1203593687 4096
975169502 1408
8070738 4096
89826218 896
1774302563 2048
1808740690 44001
8070737 4096
89826217 2048
8070736 4096
89826216 2048
8070735 3712
89826215 2048
1785055774 2176
1435985818 1152
1984602582 2048
967733857 4096
441453469 4096
1984602581 2048
967733856 4096
441453468 4096
1984602580 2048
967733855 4096
441453467 4096
1984602579 2048
967733854 4096
441453466 4096
1984602578 2048
967733853 4096
441453465 4096
2075847063 4096
1686690086 1152
1203593686 4096
1203593685 4096
1203593682 4096
1203593681 4096
1203593680 4096
1203593679 4096
1203593678 4096
1203593677 4096
508078875 2048
1809223013 640
1203593676 4096
508078874 2048
1809223012 2048
1203593675 3072
508078873 2048
1809223011 2048
314430519 171131
1046325779 640
1203593688 4096
868244018 4096
1940039286 2176
1087654123 2048
868244017 3456
1940039285 4096
1087654122 64
121522076 3200
1474065130 4096
121522075 1024
1474065129 128
508078871 2048
1809223009 2048
2075847052 4096
1073431451 4096
508078870 2048
1809223008 2048
2075847051 4096
1073431450 4096
508078869 2048
1809223007 2048
508078868 960
1809223006 2048
1809223004 2048
1073431446 4096
953511949 2432
1809223003 2612
1073431445 4096
2130615638 35671
953511948 4096
1809223002 4096
1073431444 2816
331846471 2048
2130615637 289548
953511947 4096
1809223001 4096
901073614 2944
1687987869 4096
1591158103 1152
1231884245 3200
1417538608 1600
2130615626 270271
1231884244 4096
1417538607 2048
2130615625 276551
1231884243 4096
732790827 256
2132271362 4096
953511935 4096
1417538606 2048
1929700230 128
2130615624 279224
1231884242 4096
2132271361 4096
107188658 1024
953511934 4096
1417538605 2048
1929700229 2048
2130615623 263863
1231884241 1024
2132271360 4096
107188657 2048
953511933 1792
1417538604 2048
1929700228 2048
2130615622 282162
2132271359 4096
1417538603 2048
1339792157 4096
2132271358 4096
1417538602 2048
1687987870 4096
1022919461 320
2132271356 4096
1417538600 2048
617252179 274284
1203593690 4096
868244020 4096
2138946871 2048
1330521798 1024
1087654125 2048
1046190281 2432
717091204 4096
1203593689 4096
868244019 4096
1046190280 1792
717091203 4096
1956148069 768
1687987871 4096
2132271357 4096
1417538601 2048
221795639 2176
868244028 4096
868244027 4096
53915560 2048
1666520749 2560
868244026 4096
53915559 2048
1666520748 1664
868244025 4096
2138946878 2048
558903644 4096
1330521805 4096
2044640951 1536
1088442693 1024
1475366094 3712
202673303 3456
1073084480 320
1088442692 1152
845261516 1152
1605622685 1472
1264107527 4096
78040202 640
2075847059 4096
2062343806 4096
2075847058 4096
2062343805 3968
1407731048 512
1435985819 1024
1984602583 2048
441453470 4096
967733858 4096
798786910 128
1488572388 4096
1495478398 4096
1488572387 4096
1495478397 4096
1488572385 4096
1495478395 4096
1022564197 31320
1488572384 4096
1495478394 4096
954755779 2048
1190581302 283644
313137175 267028
974273070 4096
804135413 256
719538675 4096
679464582 2048
2025391720 4096
221412911 2432
1189286677 2048
975169500 4096
901073613 4096
1687987868 4096
974273077 768
1190581309 263236
1774302571 2048
1664871775 2176
313137182 254504
710905539 4096
1687987866 1792
974273075 4096
1190581307 270812
313137180 274116
710905537 4096
974273074 4096
1190581306 278356
313137179 280440
710905536 3712
974273073 4096
1190581305 251970
313137178 262091
974273072 4096
1190581304 272536
313137177 279040
1190581301 253796
1339792163 640
313137174 284661
207495101 3840
207495100 4096
1937314409 1472
207495099 4096
1937314408 2048
207495098 4096
1937314407 2048
207495097 4096
1937314406 2048
207495096 4096
1937314405 2048
1190581310 28184
313137183 258863
710905540 4096
207495095 4096
1937314404 2048
1212361103 144083
1937314403 2048
249132598 2176
974273076 4096
313137181 280419
710905538 4096
207495093 384
1212361102 234480
1937314402 2048
980104129 1920
1344305412 4096
1279972321 2048
1279972320 4096
1279972319 4096
2075847062 4096
2062343809 256
1687987872 4096
1721004728 896
954045835 384
1488572386 4096
1495478396 4096
1774302572 2048
1827990318 640
1994558791 266350
719538682 1792
719538681 4096
1803373211 2432
719538680 4096
719538679 4096
679464586 2048
2025391724 2432
719538678 4096
679464585 2048
2025391723 4096
719538676 4096
679464583 2048
2025391721 4096
1189286678 2048
719538674 2432
679464581 2048
2025391719 4096
1584054128 640
1584054127 1536
1529883466 3456
1529883465 4096
1529883464 768
1470349412 256
2025391713 4096
869055157 2432
2052242821 64
1189286670 2048
105288716 4096
105288715 1536
331846470 4096
2130615636 280370
953511946 4096
1809223000 4096
331846469 4096
953511945 4096
1809222999 4096
1783743316 256
331846468 4096
342615967 27302
1809222998 4096
331846466 4096
1073431448 4096
1627524436 237027
2132271369 4096
2075847066 896
812524771 3328
1073431447 4096
1627524435 93442
2075847065 4096
812524770 896
2075847064 4096
1224239473 4096
2132271366 4096
1428642543 2048
1606347508 4096
1144748420 261183
476564847 4096
1606347506 2944
709563670 3200
709563669 1024
1472147557 1472
2075847057 4096
2075847056 4096
2141079213 256
1107972519 99290
1949988532 1152
2075847055 4096
1940039284 4096
2075847054 4096
1339671314 640
1940039283 4096
1073431452 1408
2075847053 4096
974273069 3456
1029952480 576
1940039282 2048
1946267426 31256
343153637 94287
1696918809 196162
343153636 7998
1696918808 66331
1971373307 832
1776241991 4096
331846464 4096
589685765 4096
617252178 139140
2132271368 4096
386104417 25318
833552335 106495
1660065147 4096
739562367 252248
395561657 2176
12111458 640
1279825993 2048
150818999 256
833552333 155827
739562365 251012
631016544 256
1307152570 1408
1212361101 244985
161310953 4096
1712738743 384
161310956 4096
161310952 4096
459713654 38247
459713653 30263
1190581303 263460
974273071 4096
313137176 278711
161310950 4096
1186208826 512
1190581300 261752
1339792162 4096
313137173 280945
161310949 2560
1186208825 1664
1190581299 285096
1339792161 4096
313137172 265629
1648776319 30637
1488572397 4096
967733865 4096
1984602590 2048
105288717 2688
1243960090 34907
1000685414 576
1609582973 2048
1728692859 256
975169501 4096
1428642542 128
2130615635 279920
150028535 2816
2130615634 266084
150028534 4096
765608927 512
765608926 1600
89826203 2048
617252183 280399
1307152569 2048
1212361100 256471
631016543 64
1307152568 2048
1212361099 82104
617252180 254879
1203593691 1152
73622501 1344
868244021 4096
2138946872 2048
1330521799 4096
1087654126 2048
954755780 128
1211746561 384
1339792158 4096
313137169 251619
1190581296 269773
1290539854 256
343153638 34664
2062343808 4096
2075847061 4096
476564846 4096
1144748419 252921
2138946877 2048
1330521804 4096
558903643 4096
2062343807 4096
2075847060 4096
1283110022 94861
1446432199 384
2138946876 2048
1330521803 4096
558903642 4096
1279723428 33649
1606347510 4096
1971373306 1280
1776241990 2048
331846463 2176
589685764 2560
833552334 240427
1660065146 1152
739562366 276123
1774302574 2048
1267505148 1152
1606347514 1280
2130615632 266151
150028532 4096
1164548109 512
1606347512 4096
2130615630 283342
150028530 4096
1606347513 4096
2130615631 268403
150028531 4096
161310951 4096
909610790 514
1606347511 4096
2130615629 258607
150028529 4096
8070741 4096
1510682566 704
876853985 768
1606347509 4096
2130615627 263080
230265521 1024
150028527 1408
1756839187 1664
1392838249 512
8070740 4096
876853984 4096
1660065148 3072
739562368 258422
395561658 4096
1386022947 1152
975169499 4096
617252182 283811
1438954360 28297
8070739 4096
876853983 3456
1386022946 3072
975169498 2816
617252181 272666
1438954359 89512
1190581308 269356
225663220 2176
1264107531 640
622527607 1216
1430049949 704
657262716 384
1137110990 56815
1396453975 4096
84973836 770
1687987867 4096
2140335123 2048
1048374735 4096
425626206 896
1994558793 274232
739562358 258277
1986099219 2048
954923504 32059
1339792160 4096
313137171 277847
1190581298 270020
657262717 768
547563264 896
1234657793 2176
1137110991 266100
1396453968 4096
161310957 1664
218258107 2176
2140335124 2048
1048374736 4096
161310954 4096
425626204 3328
161310955 4096
425626205 4096
1994558792 253064
739562357 39800
1994558798 261809
739562363 256281
1799984180 23241
1507096171 3072
901073612 1280
1339792159 4096
313137170 269706
1190581297 268026
710905549 4096
1847832783 1152
739562364 263505
150028528 4096
230265522 3200
2130615628 270483
1299200815 384
908703769 27540
1283110023 193322
990651106 1920
1916273327 640
1493403957 512
868244022 4096
2138946873 2048
1330521800 4096
1048374722 256
1087654127 2048
546781669 132833
710905547 4096
780759276 2048
1810254450 190067
1144748429 4096
546781670 254601
1189286676 2048
221412910 4096
5882065 640
710905548 4096
617252184 265107
1589511375 2432
1959173236 320
617252185 262462
1589511376 1792
89826202 1216
2132271363 4096
1224239470 3072
710905550 4096
1197609827 32775
739562361 250221
1994558796 276310
476564849 4096
1144748422 4096
2138946880 2048
2044640953 4096
558903646 4096
207495094 4096
552095565 32352
2105408854 384
1809223005 2048
1421887767 256
1803373212 1792
122749717 30483
1396453961 1536
780759275 64
1144748428 4096
1810254449 230403
1799984181 88804
1507096172 1152
1488572398 1408
967733866 4096
1984602591 2048
42807778 69745
1476034621 246476
1417538595 2048
441453471 2432
967733859 4096
1984602584 2048
370564513 211583
967733860 4096
1984602585 2048
370564514 212890
1190581294 254564
967733861 4096
1984602586 2048
370564515 31074
1190581295 265699
680171910 209066
150028533 4096
2130615633 291897
331846467 4096
2132271370 1536
1809222997 2944
680171911 254508
680171912 25667
1895929540 30409
739562369 259582
395561659 2048
858572090 112234
558903655 4096
739562370 251138
858572091 249182
558903656 4096
1187787904 256
858572092 120236
558903657 512
1073431449 4096
1627524437 145251
2075847050 3328
2132271367 4096
1224239474 1152
798786914 1984
1488572392 4096
1495478402 4096
1107972518 33837
1949988531 4096
868244023 4096
2138946874 2048
1330521801 4096
1048374723 4096
1087654128 2048
2040700305 4096
1264107529 4096
868244024 4096
2040700306 1152
1264107530 4096
1079209299 3840
858588166 2048
719538677 4096
679464584 2048
2025391722 4096
1189286679 704
589685766 1664
1776241992 2176
331846465 4096
247901910 74475
313137184 273542
710905541 4096
1426647509 2048
1950882021 128
1344305413 3328
2082758264 384
322477597 256
2015641129 4096
858588159 2048
1203593683 4096
309013189 192
322477598 73029
2015641130 4096
858588160 2048
1203593684 4096
309013190 60629
419205980 242093
419205981 220657
1585077719 256
419205982 148117
1137110992 213212
1396453969 4096
1287932923 1152
1160247162 142182
953511943 4096
269623679 4096
101560199 4096
711073328 640
1160247163 235543
953511944 4096
269623680 1920
486679442 256
1160247164 235653
1280600299 128
1160247165 240005
1280600300 2048
1160247166 94263
1725256561 384
1756839185 2048
1392838247 4096
868244029 4096
1144748413 192
868244030 4096
1144748414 239828
1540767048 256
1055439535 256
868244031 4096
476564842 2304
1144748415 244354
1994558790 192
1187787906 3968
868244032 4096
476564843 4096
1144748416 269713
739562359 250091
1994558794 262501
739562360 263143
1994558795 262126
476564848 4096
1144748421 4096
2138946879 2048
1330521806 3200
2044640952 4096
558903645 4096
739562362 245260
1994558797 285718
476564850 1920
1144748423 4096
2138946881 2048
2044640954 4096
558903647 4096
1144748424 4096
2138946882 2048
2044640955 4096
558903648 4096
1774302570 2048
1998085578 99197
1144748425 4096
2138946883 2048
2044640956 4096
558903649 4096
1144748426 4096
2044640957 4096
558903650 4096
1810254448 70582
1144748427 4096
2044640958 4096
558903651 4096
1264107528 4096
601544350 640
546781671 129353
597742368 384
1187787905 4096
2132271364 4096
1224239471 4096
710905551 4096
1307152562 2048
1081776222 384
647354941 384
739562373 236375
2132271365 4096
1224239472 4096
710905552 512
1307152563 2048
1081776223 704
647354942 768
101560192 1024
101560193 4096
101560194 4096
101560195 4096
101560196 4096
101560197 4096
897379176 70004
1855200337 27364
1426647508 2048
1950882020 448
313137185 36968
710905542 4096
101560200 3200
1446432198 1792
2138946875 2048
1042913591 256
1330521802 4096
558903641 3712
967733862 4096
1984602587 2048
1488572395 4096
967733863 4096
1984602588 2048
1488572396 4096
967733864 4096
1984602589 2048
8070742 4096
1510682567 1408
1004098874 128
8070743 512
971725357 256
1687987873 4096
1721004729 3328
1279972317 2176
1687987874 2432
1279972318 4096
2104990413 2176
2104990414 2048
974551226 1152
953511936 4096
269623672 2304
1269227299 2048
990651112 4096
953511937 4096
269623673 4096
1269227300 2048
990651113 4096
953511938 4096
269623674 4096
1269227301 384
990651114 2304
2056123610 384
953511939 4096
269623675 4096
2056123611 704
953511940 4096
269623676 4096
953511941 4096
269623677 4096
953511942 4096
269623678 4096
101560198 4096
711073327 512
1087654124 2048
711076234 1152
706486985 384
1613959505 4096
1392838241 3712
1392838242 4096
1392838243 4096
1392838244 4096
1756839183 448
1392838245 4096
1756839184 2048
1392838246 4096
1756839186 2048
1392838248 4096
710905543 4096
710905544 4096
710905545 4096
710905546 4096
425418623 3072
1008101640 2048
425418624 1152
1008101641 2048
1396453967 4096
2111737471 1024
739562371 259844
972905371 1344
1475366095 4096
202673304 4096
1475366096 4096
202673305 4096
1475366097 4096
202673306 4096
1475366098 512
202673307 4096
202673308 4096
202673309 4096
202673310 4096
1307152554 704
111821217 896
1766682702 256
202673311 4096
202673312 4096
202673313 4096
202673314 4096
202673315 4096
1495478390 4096
202673318 4096
717091197 1024
1956148063 4096
717091198 4096
1956148064 4096
717091199 4096
1956148065 4096
717091200 4096
1956148066 4096
2116281825 32182
717091201 4096
869851550 640
1956148067 4096
717091202 4096
1956148068 4096
1356196862 28189
2039946063 2560
2040700304 3072
2039946064 1664
279237477 174624
270467080 1152
1087654130 2048
1048374725 4096
1475061704 2560
73622502 2048
1048374726 4096
1475061705 4096
73622503 2048
1048374727 4096
1475061706 4096
73622504 2048
1475061707 4096
73622505 768
305313676 960
305313677 128
2140335120 2048
1048374732 4096
2140335121 2048
1048374733 4096
2140335122 2048
1048374734 4096
2140335125 2048
1048374737 4096
2140335126 2048
1048374738 3968
1613959504 2944
1613959506 4096
1613959507 4096
1613959508 4096
1613959509 4096
1613959510 4096
1613959511 4096
1613959512 1280
202673316 4096
1495478388 3968
954045834 1792
1396453962 4096
1396453963 4096
1396453964 4096
592716965 1152
1396453965 4096
2111737470 3200
1396453966 4096
1396453970 4096
1396453971 4096
1396453972 4096
1396453973 4096
1371238788 320
1396453974 4096
1649027739 320
1396453976 4096
1396453977 2688
1279825992 1920
407824099 51158
1609582975 2048
1570652406 2688
2132271354 2688
888064475 256
1417538598 2048
2132271355 4096
1417538599 2048
448847150 1536
1605622681 2048
1264107523 3584
1605622682 2048
1264107524 4096
1605622683 2048
1306639590 1472
1264107525 4096
1605622684 2048
1306639591 640
1264107526 4096
2025391708 1792
869055152 4096
1189286665 2048
2025391709 4096
869055153 4096
1189286666 2048
2025391710 4096
869055154 4096
1189286667 2048
2025391711 4096
869055155 4096
1189286668 2048
2025391712 4096
1990188133 128
869055156 4096
2052242820 128
1189286669 2048
19865197 2176
2025391714 4096
1189286671 2048
19865198 4096
2025391715 4096
1189286672 2048
19865199 2048
2025391716 4096
1189286673 2048
2025391717 4096
1063099965 93700
1189286674 2048
679464580 768
2025391718 4096
221412909 1792
1189286675 2048
1956148061 3456
1956148062 4096
1389930800 256
388122321 640
1460844137 1664
577934858 3072
1460844138 2560
1475061708 1664
1747653472 256
1609582972 2048
547563263 256
317140586 640
868244033 768
1144748417 242058
476564844 4096
1144748418 243046
476564845 4096
1048374724 4096
1087654129 2048
165635798 1152
1986099222 2048
202673317 4096
1495478389 4096
202673319 768
1495478391 4096
1488572382 2816
1495478392 4096
1488572383 4096
1495478393 4096
798786911 2048
1488572389 4096
1495478399 4096
798786912 2048
1488572390 4096
1495478400 4096
798786913 2048
1488572391 4096
1495478401 4096
1488572393 4096
1495478403 4096
1488572394 4096
1495478404 256
1079209300 4096
523036219 1472
858588167 2048
1079209301 4096
1679620792 512
523036220 2048
858588168 2048
1079209302 4096
1679620793 1600
523036221 2048
858588169 2048
1079209303 4096
523036222 2048
858588170 2048
1079209304 4096
523036223 640
858588171 192
1079209305 4096
730518634 960
1339792155 3584
1079209306 4096
2044640959 2688
558903652 4096
1428499946 1920
730518635 1152
1339792156 4096
1079209307 384
558903653 4096
1428499947 2048
990651107 4096
688766890 448
990651108 4096
688766891 2048
990651109 4096
688766892 1664
1269227297 1728
990651110 4096
1269227298 2048
990651111 4096
967733851 512
1984602576 1088
441453463 1792
967733852 4096
1984602577 2048
441453464 4096
1606347507 4096
1235306210 256
1307451811 896
1307451812 4096
1307451813 4096
1307451814 4096
1307451815 3328
1445220481 1664
1949988530 3072
869055149 1792
1048374731 4096
2140335119 2048
869055150 4096
1189286663 1408
869055151 4096
1189286664 2048
2015641127 2944
858588157 2048
2015641128 4096
858588158 2048
2015641131 4096
858588161 2048
1164198452 384
2015641132 4096
858588162 2048
2015641133 4096
858588163 2048
2015641134 4096
858588164 2048
2015641135 1280
858588165 2048
577934856 1152
589602007 640
577934857 4096
489314091 640
508078872 2048
1809223010 2048
1741357799 128
1472147553 640
1472147554 2048
1472147555 2048
1472147556 2048
558903654 4096
1428499948 192
1417538592 512
967733867 3712
1984602592 1024
20479772 128
1344305409 896
980104126 2048
1986099215 128
1986099216 2048
1986099217 2048
954923503 256
1986099218 2048
1986099220 2048
1986099221 2048
1986099223 1984
1279825994 192
419205978 101580
1196080249 128
419205979 246270
1196080250 1984
2141191820 128
739562372 250297
972905372 768
1699107629 384
1699107630 704
1476034619 26012
1417538593 2048
1476034620 226018
1417538594 2048
1417538596 2048
1417538597 2048
1609582971 64
407824098 175987
1570652405 1536
1609582974 2048
1344950801 2048
1609582976 2048
1344950802 2048
1609582977 2048
1344950803 64
1609582978 2048
1937314401 640
1609582979 2048
1695206433 192
1024229467 576
605118627 192
89826213 2048
1292058887 1088
1292058888 1024
858588155 1920
858588156 2048
1685967257 320
717091205 3200
980104121 192
980104122 2048
980104123 2048
980104124 2048
980104125 2048
1344305410 4096
980104127 2048
1344305411 4096
980104128 2048
617252186 131081
1862761696 1088
840372651 64
840372652 2048
840372653 2048
1927805245 576
840372654 2048
840372655 2048
435581119 64
435581120 128
1008101638 896
1008101639 2048
1008101642 1216
89826204 2048
89826205 2048
89826206 2048
89826207 2048
89826208 2048
89826209 2048
89826210 2048
89826211 2048
89826212 2048
89826214 2048
1048374728 4096
2140335116 1280
1048374729 4096
2140335117 2048
1048374730 4096
2140335118 2048
