89826214 1782
89826212 1973
89826211 663
89826210 1610
89826209 554
89826208 2048
89826207 1928
89826206 1963
89826205 1853
89826204 2377
1008101642 1020
1008101639 2002
1008101638 1103
435581120 152
435581119 13
840372655 2310
840372654 2061
840372653 2463
840372652 2046
840372651 176
1862761696 1111
980104128 1850
980104127 2098
980104125 1780
980104124 2210
980104123 2068
980104122 1980
980104121 191
1685967257 431
858588156 2181
858588155 1755
1292058888 1086
1292058887 1029
89826213 1880
605118627 204
1024229467 581
1695206433 175
1609582979 2467
1609582978 2200
1609582977 1785
1609582976 1504
1609582974 2362
1609582971 13
1417538597 1810
1417538596 1886
1417538594 1908
1417538593 2354
1699107630 787
1699107629 385
972905372 682
2141191820 206
1927805245 736
1196080250 1485
1196080249 197
1279825994 149
1986099223 2047
1986099221 2213
1986099220 2334
1986099218 1597
1986099217 2225
1986099216 2219
1986099215 221
980104126 1899
20479772 49
1984602592 914
1417538592 405
1428499948 51
1472147556 1957
1472147555 2195
1472147554 2494
1472147553 694
1741357799 147
1809223010 2097
2105408854 8268
558903654 2249
489314091 337
577934857 1997
577934856 630
858588165 2113
2015641135 542
858588164 2012
2015641134 1890
858588163 2358
2015641133 2290
858588162 1975
2015641132 2179
858588161 1951
2015641131 1917
858588158 1979
2015641128 2188
858588157 2247
2015641127 1527
1189286664 2027
869055151 1966
1189286663 1300
869055150 1858
869055149 890
1949988530 1499
1307451815 1272
1307451814 1761
1307451813 1962
1307451812 1790
1307451811 377
1235306210 68
441453464 2580
441453463 844
990651111 1934
990651110 2054
688766892 1935
990651109 2002
688766891 2170
990651108 2615
688766890 493
990651107 1804
1428499947 1608
1079209307 130
730518635 1343
1428499946 1603
1079209306 1828
730518634 833
1079209305 1562
858588171 157
1079209304 2321
858588170 1967
1079209303 2332
858588169 2423
1679620793 1274
1079209302 2132
858588168 1857
1679620792 363
1079209301 1902
858588167 2626
1079209300 2004
1495478404 131
1495478403 1802
1495478401 1976
1495478400 1865
1495478399 2197
1495478393 2031
1495478392 2035
1495478391 2222
1495478389 2162
1986099222 1990
165635798 628
476564845 1723
476564844 1806
317140586 332
1609582972 2159
1747653472 121
1460844138 1119
577934858 1664
1460844137 898
388122321 268
552095565 20089
1389930800 79
1956148062 2118
1956148061 1767
1189286675 1873
2025391718 2237
1189286674 2318
2025391717 1935
1189286673 2510
2025391716 1946
1189286672 1745
2025391715 1617
1189286671 2228
2025391714 1751
1189286669 1861
2052242820 73
869055156 1842
2025391712 1924
1189286668 2709
869055155 1956
2025391711 2375
1189286667 1890
869055154 2131
2025391710 2124
1189286666 2309
869055153 2303
2025391709 2050
1189286665 2512
869055152 1624
2025391708 1056
1264107526 2024
1264107525 2238
1264107524 2413
1264107523 1610
1417538599 2478
2132271355 1881
1417538598 2363
2132271354 1117
1570652406 1260
1570652405 1022
1279825992 1696
1396453977 1143
1396453976 2573
1396453974 1837
1396453973 2145
1396453972 2136
1396453971 1918
1396453970 2345
1396453966 2087
1396453965 1801
1396453964 2234
1396453963 1818
1396453962 2145
954045834 702
1495478388 2017
1613959512 553
1613959511 1844
1613959510 2075
1613959509 2104
1613959508 2319
1613959507 1882
1613959506 1941
1613959504 1560
1048374738 2249
1048374737 2006
1048374734 2222
1048374733 2119
1048374732 1773
1048374731 1842
1048374730 1901
305313677 20
1048374729 2046
305313676 993
73622505 795
1048374728 1675
73622504 1760
1048374727 1929
73622503 1902
1048374726 1624
73622502 2140
1048374725 1308
270467080 649
2039946064 727
2039946063 1391
717091205 1934
1956148068 2053
717091202 1862
1956148067 2213
717091201 2198
1956148066 2345
717091200 1684
1956148065 2069
717091199 2072
1956148064 2156
717091198 2345
1956148063 2211
717091197 424
202673319 361
202673318 2110
202673316 1998
202673315 1941
202673314 2265
202673313 1947
202673312 2382
202673311 1675
1766682702 158
202673310 2219
202673309 2189
202673308 1709
202673307 2120
202673306 1538
202673305 2202
202673304 1901
972905371 1076
2111737471 512
2111737470 1475
1008101641 2024
425418624 680
1008101640 2079
425418623 1681
710905546 1888
710905545 1952
710905544 1646
710905543 2245
1392838248 1781
1392838246 2128
1392838245 1978
1392838244 2160
1392838243 2099
1392838242 1976
1392838241 2012
1613959505 2146
706486985 117
711076234 437
711073327 138
269623678 1663
269623677 2335
269623676 1870
269623675 2091
990651114 1318
269623674 2062
990651113 1804
269623673 2009
990651112 1994
269623672 1038
974551226 488
2104990414 1121
2104990413 924
1279972318 2129
1984602589 2169
1488572396 1574
1984602588 1953
1488572395 2346
1984602587 1743
1488572394 2342
888064475 53
558903641 1974
1144748417 2046
1446432198 729
101560200 1664
710905542 1930
313137185 6484
1950882020 451
101560198 1924
1855200337 213
1164198452 145
101560197 1750
101560196 2117
101560195 1938
101560194 2105
101560193 1316
101560192 618
647354942 510
1081776223 956
710905552 394
1224239472 2337
739562373 28168
647354941 273
1081776222 362
710905551 2344
1224239471 1973
1187787905 2303
739562372 34637
202673317 2257
597742368 146
601544350 238
1264107528 2266
2040700304 1525
558903651 2194
1144748427 2135
558903650 1872
1144748426 2123
558903649 1978
1144748425 1996
1998085578 9772
558903648 2348
1144748424 1826
558903647 1738
1144748423 2371
1994558797 34591
558903646 1851
1144748422 1985
1994558796 34596
558903645 2175
1144748421 2169
1994558795 34599
1994558794 34603
1144748416 1663
1187787906 1796
1994558790 1044
1144748415 2118
1055439535 170
1144748414 2170
1144748413 56
1392838247 1746
1725256561 203
1160247166 777
1160247165 2165
1160247164 2022
1609582975 2382
486679442 184
269623680 1097
1160247163 1873
711073328 365
269623679 2029
1160247162 1093
1396453969 2039
1137110992 1686
1810254449 1785
419205982 1045
1585077719 161
419205981 1903
419205980 2361
419205979 2569
419205978 886
309013190 523
858588160 2031
2015641130 1977
322477598 8654
309013189 19
858588159 1661
2015641129 2412
322477597 1030
1344305413 1708
1950882021 95
101560199 2413
710905541 2058
313137184 34650
247901910 620
1189286679 758
2025391722 2050
719538677 1843
858588166 2174
1079209299 2196
1063099965 561
1264107530 2363
2040700306 675
1087654129 2181
1330521802 1945
868244024 2311
1264107529 2029
2040700305 1785
1087654128 2149
1330521801 1933
868244023 1945
1949988531 2053
1107972518 347
1495478402 1777
897379176 567
1224239474 595
2075847050 1539
558903657 313
476564843 2457
858572092 1024
1187787904 131
558903656 2025
476564842 1332
858572091 2033
739562370 34592
558903655 2430
858572090 975
395561659 878
739562369 34662
1895929540 191
680171912 164
680171911 2092
1809222997 1394
953511943 2150
2132271370 962
331846467 2025
1627524437 1245
2130615633 34741
680171910 2090
1190581295 34527
370564515 353
1984602586 2471
1488572393 1916
1190581294 29250
370564514 4423
1984602585 1663
1488572392 2149
370564513 4912
1984602584 2250
1488572391 1895
1417538595 1950
42807778 9797
1984602591 1789
1488572398 475
1507096172 412
1799984181 55126
1197609827 2199
710905550 1735
1224239470 1298
89826202 1049
1589511376 1008
617252185 34532
1959173236 359
1589511375 1430
617252184 34710
546781671 16299
710905548 1980
221412910 2062
546781670 34633
558903653 2249
1144748429 2229
710905547 2106
221412909 812
546781669 19569
558903652 2313
1144748428 1928
1087654127 2153
1330521800 2280
868244022 1943
1493403957 2097
990651106 790
908703769 5436
1299200815 196
739562362 34662
953511938 1955
2132271365 2183
2130615628 34759
739562364 34554
1847832783 865
1190581297 34769
313137170 34680
1990188133 172
901073612 614
1507096171 1245
1799984180 18206
739562363 34690
954923503 1037
739562357 7699
1495478390 2069
1356196862 5495
425626205 1836
161310955 1877
425626204 1753
161310954 2172
218258107 1550
161310957 727
1048374736 2097
407824099 39714
1396453968 2201
1137110991 1975
547563264 573
657262717 562
1190581298 34569
313137171 34597
954923504 1146
739562358 34491
425626206 516
1048374735 1979
407824098 46397
1687987867 2055
84973836 3272
1396453975 2222
1916273327 287
1396453967 2028
1137110990 425
547563263 205
657262716 149
1264107531 369
225663220 1052
1438954359 16571
230265522 1774
617252181 34726
975169498 1280
1386022946 1646
876853983 1865
8070739 1800
1438954360 30643
617252182 34620
975169499 1626
1386022947 648
395561658 2112
739562368 34711
876853984 1650
8070740 1802
19865197 849
1392838249 348
150028527 656
476564849 2389
1606347509 2415
876853985 365
1510682566 628
8070741 2159
19865199 881
150028529 2451
1606347511 2072
1994558798 34732
909610790 2089
161310951 1796
150028531 2086
1606347513 2171
150028530 2164
1606347512 1840
1164548109 2088
2044640958 1914
868244032 2232
150028532 1905
1606347514 655
739562371 34799
1267505148 686
1287932923 501
739562366 34664
833552334 34678
589685764 1385
1488572382 1487
967733859 2240
971725357 158
19865198 2338
150028528 2013
476564850 911
1606347510 2495
1279723428 235
558903642 2030
1144748418 2157
1994558792 34752
1446432199 144
1283110022 11766
2075847060 2054
558903643 2058
1144748419 1645
1994558793 34497
1283110023 23886
2075847061 2260
739562361 34535
343153638 6492
1290539854 123
1190581296 34734
5882065 295
313137169 29196
1211746561 186
1087654126 1938
1330521799 1823
868244021 2261
73622501 1279
1048374724 2237
1203593691 574
230265521 397
617252180 34740
1212361099 10750
592716965 448
617252183 34843
89826203 1921
617252186 17437
1279972317 1265
765608926 1664
150028533 2232
1234657793 778
765608927 605
150028534 2221
150028535 1558
1428642542 95
1810254448 729
975169501 1838
1728692859 32
1280600300 896
1810254450 1522
1609582973 1704
1000685414 496
1243960090 3273
105288717 989
1984602590 1572
1488572397 1953
1648776319 11750
1475366095 2285
313137172 34615
1190581299 34574
1186208825 660
161310949 1443
313137173 34592
1190581300 34625
1186208826 223
161310950 1978
954755780 75
313137176 34641
974273071 2143
1190581303 34665
161310952 2242
161310953 2068
459713653 74
459713654 119
161310956 1990
1712738743 149
1212361100 34627
631016543 39
1476034619 1045
1937314401 478
1212361101 34728
631016544 425
1476034620 34557
1476034621 34527
739562365 34656
833552333 21617
1279825993 2440
12111458 249
395561657 1181
739562367 34613
833552335 13994
386104417 3236
617252178 18514
589685765 1797
1984602576 1068
1488572383 2130
967733860 1685
279237477 836
1696918808 9763
739562359 34804
343153636 929
1696918809 26014
739562360 34657
343153637 15257
1946267426 3222
1940039282 1071
1029952480 433
2075847053 2295
1940039283 1509
2075847054 1958
1940039284 1808
2075847055 2027
1949988532 571
1107972519 629
2141079213 175
2075847056 1983
2075847057 1962
1472147557 1640
709563669 364
709563670 1544
476564846 1895
1606347506 1351
476564847 1886
1606347507 2092
476564848 2112
1606347508 1948
1428642543 1303
953511939 2117
2132271366 1884
2130615629 34703
331846463 784
2075847064 2179
953511940 2276
2132271367 2138
2130615630 34638
812524770 360
331846464 2278
2075847065 1887
953511941 2721
2132271368 1984
1627524435 784
2130615631 34717
812524771 1920
331846465 1739
2075847066 499
953511942 2157
2132271369 2313
1627524436 1814
2130615632 34755
331846466 2285
1809222998 1837
953511944 1938
2130615634 34576
342615967 14363
331846468 2096
1986099219 2232
1783743316 72
1809222999 2069
953511945 1771
2130615635 34736
331846469 1896
1809223000 2047
953511946 2057
2130615636 34460
331846470 2008
105288715 647
105288716 2336
1189286670 2206
2052242821 33
869055157 1158
2025391713 1864
1470349412 145
1529883464 468
1529883465 2009
1529883466 1726
1584054127 795
1584054128 172
1189286676 1926
2025391719 2466
719538674 1299
1189286678 1882
2025391721 2098
719538676 2140
2025391723 1729
719538678 2226
2025391724 1259
719538679 2145
719538680 2230
1803373211 1107
719538681 2040
1803373212 921
719538682 653
1994558791 34640
1827990318 262
1396453961 615
122749717 2220
1421887767 111
1495478396 2243
1475061706 1931
869851550 237
954045835 158
1721004728 321
2062343809 112
1721004729 1991
1279972319 1920
1344305409 348
1279972320 1880
1344305410 1729
1279972321 953
1344305411 2055
1042913591 94
1344305412 2138
1937314402 1747
1212361102 34744
207495093 309
710905538 1896
313137181 34801
974273076 2080
1190581308 34762
1776241990 967
1937314403 2046
1212361103 24915
207495094 2266
1937314404 1625
207495095 1875
710905540 2113
313137183 34539
1190581310 6483
1776241992 1370
1937314405 1856
207495096 2393
1937314406 2119
207495097 2356
1937314407 1854
207495098 2108
1937314408 1902
207495099 2345
1937314409 1345
207495100 1817
207495101 1850
1224239473 2183
313137174 34666
1190581301 34414
974273069 1227
313137177 34751
1190581304 34616
974273072 2545
313137178 34612
1190581305 34837
974273073 2163
710905536 2065
313137179 34682
589602007 437
1190581306 34704
974273074 1827
710905537 2080
313137180 34476
1190581307 34506
974273075 2155
1687987866 1126
710905539 1727
313137182 34697
1664871775 1342
1190581309 34644
1776241991 1921
974273077 413
1687987868 1985
901073613 2231
975169500 1970
1280600299 46
1189286677 2133
2025391720 2051
719538675 2074
804135413 231
2082758264 230
710905549 2151
221412911 1121
313137175 34586
1190581302 34712
974273070 1903
954755779 906
1495478394 2137
1022564197 8079
1475061704 1136
1495478395 2227
1475061705 1860
1495478397 2250
1475061707 2154
1495478398 2013
1475061708 679
967733858 2230
1435985819 386
1540767048 193
1407731048 2070
2062343805 2079
1660065146 679
2062343806 2360
980104129 1928
78040202 358
1264107527 2025
845261516 755
1660065147 2057
2062343807 2011
1660065148 1512
2062343808 1770
1088442692 782
202673303 1734
1088442693 503
2044640951 661
1087654130 2017
1330521803 1981
868244025 2241
1666520748 759
2044640952 1628
1330521804 2236
868244026 2341
1666520749 967
2044640953 2265
1330521805 1855
868244027 1876
2044640954 2214
1330521806 1822
868244028 1942
2044640955 1639
868244029 1979
2044640956 2397
868244030 2146
2044640957 2301
868244031 1922
2044640959 1628
868244033 397
221795639 1117
1417538601 1985
2132271357 2167
1339792156 2303
1687987871 2472
1956148069 470
717091203 1891
1046190280 870
1087654124 2354
868244019 2305
1048374722 137
1203593689 2121
717091204 1829
1046190281 1158
1087654125 2147
1330521798 442
868244020 1909
1048374723 2036
1203593690 1491
617252179 34632
589685766 941
1984602577 1684
1488572384 2082
967733861 2157
1417538600 2550
2132271356 1670
1339792155 2002
1022919461 252
1687987870 1964
1417538602 1987
2132271358 1846
1339792157 2363
1687987872 1909
1417538603 2056
2132271359 1926
2130615622 33497
1339792158 1888
1687987873 1571
1417538604 2055
953511933 659
2132271360 1946
1231884241 470
2130615623 34664
1339792159 2061
1687987874 1235
1417538605 2145
953511934 2098
2132271361 2239
1231884242 2141
2130615624 34686
1339792160 1917
1417538606 1984
953511935 1947
2132271362 2387
1231884243 1726
2130615625 34635
1339792161 2007
1417538607 1688
953511936 2309
2132271363 1528
1231884244 1938
2130615626 34609
1339792162 2539
1417538608 1501
953511937 1805
2132271364 1907
1231884245 1574
2130615627 34453
1591158103 537
1339792163 310
732790827 102
1687987869 2002
901073614 1166
1809223001 1822
953511947 1894
2130615637 34628
331846471 983
1073431444 1649
1809223002 2315
953511948 1842
2130615638 2185
1073431445 1798
1809223003 2018
953511949 1468
1073431446 2161
1809223004 2202
1073431447 1647
1809223005 1844
1073431448 2331
1809223006 2422
1073431449 1946
1809223007 2332
1073431450 2642
1809223008 1912
1073431451 1731
1809223009 1779
1073431452 751
1474065129 40
121522075 655
1474065130 1934
121522076 1567
1087654122 34
1940039285 2542
868244017 1609
1087654123 2068
1940039286 603
868244018 1954
1203593688 1968
558903644 2331
1144748420 2166
1046325779 193
1475366094 1630
1475366096 2085
249132598 1108
1475366097 1603
314430519 18398
1475366098 221
1809223011 1979
1203593675 1845
1809223012 2434
1203593676 2273
1809223013 830
1203593677 2053
2116281825 7636
1203593678 2341
1203593679 2141
1203593680 2188
1203593681 1947
1203593682 1747
1203593683 2277
1203593684 1940
1203593685 1745
1203593686 1969
2075847051 2221
2075847052 1951
1686690086 583
2075847058 2359
2075847059 2406
2075847062 1859
2075847063 1963
1971373306 1533
441453465 2073
967733851 311
1971373307 962
441453466 1985
967733852 2013
441453467 1945
967733853 1998
441453468 2185
967733854 1736
441453469 1853
967733855 2111
441453470 1932
967733856 2265
441453471 1252
1435985818 569
967733857 1490
1984602578 2240
1488572385 1846
967733862 2017
1984602579 1976
1488572386 1959
967733863 2132
1984602580 2032
1785055774 1117
1488572387 1788
967733864 2292
89826215 1983
8070735 1598
1984602581 1991
1488572388 2052
967733865 1932
8070736 1910
1984602582 1828
1488572389 1984
967733866 1886
150818999 71
8070737 2235
1984602583 2038
1808740690 2232
1488572390 1671
967733867 1980
8070738 2081
975169502 723
1203593687 2402
1339671314 238
1510682567 1279
8070742 2219
8070743 172
