1986099217 21
1986099216 2017
1986099215 128
73622517 768
73622516 2048
73622515 2049
73622514 2048
73622513 2048
73622511 2048
73622510 2048
73622509 2048
73622508 2048
73622507 2048
73622506 2048
73622505 2048
73622504 2048
73622503 2048
73622502 2048
73622501 1345
20479779 2049
20479778 2049
20479777 2048
20479776 2048
20479774 2049
20479773 2048
20479772 1344
1472147553 320
2052242820 128
1950882023 2049
1950882022 2049
1950882021 2048
1950882020 448
1741357800 1729
1741357799 384
1809223000 2049
1809222999 2049
1809222997 1472
558903641 1088
489314091 128
577934857 2048
577934856 576
2015641127 128
1585077720 1920
1585077719 193
869055149 192
1949988530 1537
1307451812 640
1307451811 448
1235306210 192
953511935 1216
1766682704 1472
1766682703 2049
1766682702 640
1495478388 576
165635798 192
317140586 192
1747653472 192
577934858 1536
1460844137 192
388122322 384
1589511376 896
1589511375 1216
711073327 192
1164198452 1088
2025391709 1216
2025391708 896
2132271354 320
1570652409 1344
1570652408 2048
1570652407 2048
1570652406 2048
1570652405 768
954045838 1216
954045837 2048
954045836 2048
954045834 896
1048374723 64
2039946063 192
717091198 64
717091197 512
2111737486 512
2111737485 2048
2111737484 2048
2111737474 2048
2111737473 2048
2111737472 2049
2111737471 2049
2111737470 1600
425418639 576
425418638 2048
425418637 2049
425418636 2048
425418635 2048
425418634 2049
425418633 2048
425418632 2048
425418631 2048
425418630 2048
425418629 2048
425418628 2048
425418627 2048
425418626 2048
425418625 2048
425418624 2048
425418623 1536
202673303 192
395561673 1024
395561670 2050
395561669 2049
395561666 2050
1055439536 320
230265522 577
711076238 1089
711076237 2048
711076236 2049
711076235 2048
711076234 1024
269623672 576
2104990429 1024
2104990428 2048
2104990427 2049
2104990426 2048
2104990425 2048
2104990424 2048
2104990423 2048
2104990422 2048
2104990421 2049
2104990420 2048
2104990419 2048
2104990418 2049
1279972317 192
971725359 1024
1956148061 1088
971725358 2049
971725357 1088
8070750 2048
8070749 2049
8070748 2048
8070747 2048
8070746 2048
8070745 2048
8070744 2049
8070743 2048
8070742 2049
8070741 2048
8070740 2048
8070739 2049
8070738 2048
8070736 2048
8070735 1856
1783743316 128
1048374722 128
1339671316 1792
1339671315 2048
1339671314 320
975169499 2048
845261519 2048
845261518 2048
2075847051 448
2075847050 1664
1389930800 192
901073619 2048
901073618 2048
901073617 2048
901073616 2048
901073615 2048
901073614 2048
901073613 2048
901073612 640
845261520 64
225663220 320
1847832783 320
1203593683 576
1203593682 2049
1203593681 2048
1203593680 2048
1203593679 2048
1203593677 2048
1203593676 2048
1203593675 1536
20479775 2048
78040202 1088
1475366094 128
657262717 896
8070751 256
657262716 192
1046325789 2048
1046325788 2050
1046325787 2048
1046325786 2048
1046325785 2048
1046325784 2048
1046325783 2048
1046325782 2048
1046325781 2049
1046325780 2048
1046325779 1856
975169500 2048
1280600299 64
1435985834 1536
1809223001 640
1073431444 192
8070737 2048
150818999 576
395561671 2048
732790827 192
1339792156 320
1339792155 1793
589685764 1280
1046190281 192
1046190280 896
1776241998 1088
1776241997 2049
1776241996 2049
1666520749 256
2044640953 1344
395561672 2048
1088442692 192
1776241995 2048
1664871779 768
1776241994 2048
1664871778 2048
1776241993 2049
1664871777 2048
1776241992 2048
1664871776 2048
1776241991 2050
1664871775 1344
1540767053 2049
1540767052 2048
1540767048 193
953511934 2048
2130615624 26330
953511933 896
1231884241 128
2130615623 413580
710905538 256
1776241990 1024
589602009 704
2130615622 401012
710905537 2050
589602008 2048
1949988531 2048
1107972518 256
710905536 1857
589602007 1408
897379190 2048
897379188 2048
1435985826 2048
1785055775 2048
1392838245 256
897379187 2050
1392838244 2048
897379186 2048
1283110022 41595
1392838243 2048
897379185 2048
1264107523 1088
1107972522 2048
2141079216 2048
1392838242 2048
897379184 2049
1392838241 1856
897379183 2048
1107972520 2048
2141079214 2049
897379182 2048
1949988532 576
1107972519 2048
2141079213 704
897379181 2048
1224239474 576
2044640951 768
858572105 2049
1540767049 2049
2105408854 1088
858572104 2049
858572103 2049
2082758264 1600
858572102 2048
858572101 2048
858572100 2048
1046325793 2049
858572093 2048
897379179 2048
1356196877 2048
1187787905 960
1046325792 2048
858572092 2048
897379178 2049
1356196876 2048
1187787904 128
476564842 192
1046325791 2048
858572091 2049
1046325790 2049
858572090 1024
897379176 1664
1356196874 2048
1895929542 1664
909610802 2049
1940039284 2048
1946267428 2048
1895929541 2050
909610801 2048
1940039283 2048
1946267427 2048
1895929540 448
909610800 2049
1940039282 1024
1946267426 384
901073627 2048
1687987866 576
680171917 2049
901073625 2048
680171915 2048
901073624 2048
680171914 2048
901073623 2048
680171913 2048
901073622 2049
680171912 2048
901073621 2049
680171911 2048
1389930801 128
901073620 2048
680171910 1984
279237478 576
122749733 399276
954923504 128
370564513 1664
42807778 192
592716966 2048
975169502 704
1728692860 1280
1356196875 2048
897379177 2049
20479780 768
552095565 128
1107972524 2049
73622512 2049
407824098 1088
909610795 2048
1435985827 2048
1785055776 2049
1197609827 576
1224239470 1536
122749732 426893
12111458 512
314430523 128
2082758271 2049
974273069 1089
370564521 448
313137174 2048
370564520 2048
313137173 2048
975169498 1409
1386022946 128
370564519 2048
313137172 2048
419205979 320
230265521 512
617252180 1024
975169501 2048
1280600300 512
1728692859 832
419205978 768
589685766 832
617252179 2048
1046325794 2048
858572094 2049
897379180 2048
1356196878 1152
589685765 2048
386104417 320
617252178 1090
1435985830 2048
1785055779 2048
1808740692 2048
1435985829 2048
1785055778 2048
1808740691 2049
395561663 2048
1696918822 2048
395561662 2048
1696918821 2048
909610796 2048
680171925 2048
279237477 1536
459713659 2048
1107972521 2048
2141079215 2048
888064475 192
1446432198 896
546781673 960
395561660 2048
1696918819 2048
680171924 2048
1994558790 64
459713658 2048
546781672 2048
221412911 1216
395561659 2048
1696918818 2048
395561664 2049
1696918823 2050
395561665 2048
1696918824 1536
1279723428 1344
1540767051 2048
1212361099 128
709563670 1600
1396453962 1345
1421887768 1600
122749718 419634
313137176 2048
1356196862 203624
1950882024 1664
954923503 64
739562357 320
2082758265 2049
1855200337 1152
1799984181 2048
1287932923 1793
1696918815 2048
343153643 420555
901073628 1472
680171918 2049
84973836 299419
1356196864 420688
2141079217 1408
1107972523 2048
546781669 1152
680171920 2048
84973838 132828
1290539854 1088
1648776319 256
2111737477 2048
869851552 2048
1809222998 2048
342615967 128
597742370 2048
314430520 2049
2082758268 2048
1493403963 2048
1946267440 2049
1998085579 2048
459713668 2048
680171923 2048
709563669 513
1696918812 2048
343153640 422639
909610792 2048
1356196865 425955
680171921 2049
1164548110 38987
2104990413 1088
1660065158 2048
592716965 1920
909610791 2050
1164548109 25215
1660065157 2049
314430519 1984
1540767050 2048
2105408855 1024
1666520748 832
2044640952 2048
858572106 1088
1855200339 960
2082758267 2048
1493403962 2050
1946267439 2048
1998085578 2048
459713667 2048
680171922 2048
1696918814 2048
833552333 1088
343153642 432652
804135414 1216
909610794 2048
314430522 2048
2082758270 2048
546781671 2048
221412910 2048
395561658 2048
1287932925 320
1696918817 2049
84973837 406227
680171919 2048
1356196863 430716
313137177 385
101560192 512
909610790 2049
2082758266 2048
1855200338 2048
1493403961 2048
1946267438 2048
1507096171 320
1799984180 192
2062343805 576
592716967 2049
1407731048 320
343153639 424191
1696918811 2048
1946267437 2048
1493403960 2048
1696918813 2048
343153641 437699
122749722 415604
122749721 412163
909610793 2048
1648776320 320
2111737478 2048
869851553 2048
314430521 2048
2082758269 2048
1998085580 64
459713669 1984
546781670 2048
221412909 896
395561657 1088
1287932924 2048
343153644 81482
1696918816 2048
1476034619 64
1946267442 1728
1493403965 576
1946267441 2049
1493403964 2048
122749719 416854
388122321 1728
680171926 128
1476034620 512
122749720 429226
909610797 2048
1356196871 2048
909610798 2048
1203593678 2048
2116281825 320
1396453961 768
122749717 24110
1421887767 512
1356196872 2048
909610799 2048
1243960090 192
105288717 1344
2111737482 2048
706486985 576
869851557 2048
1356196873 2048
322477597 64
309013189 64
1344305413 2048
322477598 256
309013190 1024
1344305414 2048
909610803 2048
868244017 192
1940039285 2048
1946267429 2048
901073626 2048
680171916 2048
990651106 576
908703769 128
597742379 2048
1799984182 2048
1299200815 640
909610804 2048
1940039286 1088
1946267430 2048
909610805 2048
1946267431 2048
909610806 64
1330521798 513
1946267432 2048
1435985828 2048
1785055777 2048
1808740690 1152
2082758272 512
1356196867 235054
1022564198 2048
1356196868 2048
1022564199 2050
1356196869 2049
1022564200 2048
1356196870 2048
1022564201 256
1330521799 576
1946267433 2048
343153636 2006
1696918808 576
1493403957 1536
1946267434 2048
343153637 337448
1696918809 2048
370564514 2048
1190581294 1728
1493403958 2049
1946267435 2048
343153638 451876
1696918810 2048
370564515 2048
1190581295 2049
1493403959 2049
1946267436 2048
1107972525 2048
845261516 2048
1107972526 1857
1079209299 128
1063099965 2048
1063099966 2048
1063099967 2048
1063099968 2048
1063099969 2048
1063099970 2048
1063099971 2048
1428499946 320
1063099972 2048
1063099973 64
247901910 1664
441453463 320
247901911 2048
247901912 2048
967733851 256
247901913 2048
1803373211 1216
967733852 2049
247901914 2048
1803373212 2049
967733853 2048
247901915 2049
1803373213 2048
967733854 2048
247901916 2048
1046325795 256
858572095 2048
1606347506 1472
967733855 2048
247901917 2048
858572096 2048
1606347507 2048
967733856 2048
247901918 2048
858572097 2048
1606347508 2049
1803373216 2048
967733857 2048
1435985818 576
247901919 2048
19865197 1088
897379191 2048
150028527 704
858572098 2048
1606347509 2048
1803373217 2048
967733858 2048
1435985819 2048
247901920 2049
19865198 1024
897379192 448
150028528 2048
858572099 2048
1606347510 640
1803373218 2049
150028529 2048
1803373219 897
1984602576 1088
1435985821 2048
1488572383 704
247901922 2048
150028530 2049
1435985822 2049
247901923 2048
150028531 2048
1435985823 2048
247901924 2048
150028532 2049
395561661 2048
1696918820 2050
1267505148 128
1435985824 2048
247901925 2050
765608926 1088
150028533 2049
1234657793 1408
1435985825 2050
1785055774 1985
247901926 448
150028534 2048
1234657794 704
459713653 128
459713654 2048
459713655 2048
1144748413 64
897379189 2049
1725256561 576
459713656 2048
1055439535 768
1144748414 128
459713657 2049
459713660 2048
1446432199 2048
459713661 2048
1446432200 2048
459713662 2048
1446432201 2048
459713663 2048
1446432202 1216
459713664 2049
459713665 2048
459713666 2049
1279723429 2048
2111737475 2048
869851550 2049
1279723430 768
2111737476 2048
869851551 2048
1810254448 704
1591158104 2049
1810254449 2048
331846463 576
1591158105 2048
1810254450 1408
812524770 448
1591158106 2048
547563263 128
122749723 426765
1137110990 576
547563264 2048
122749724 439192
1137110991 2048
547563265 1985
122749725 427040
1137110992 2048
122749726 419819
1137110993 2049
425626204 1089
122749727 435924
1137110994 2048
122749728 434705
1137110995 2048
122749729 411832
1137110996 2048
122749730 420510
1137110997 2048
1160247162 576
974551227 1024
2104990415 2048
1660065160 2049
249132598 1088
601544350 320
845261517 2049
2040700304 1088
592716969 192
1660065147 2048
597742368 832
597742369 2049
1438954359 640
597742371 2049
1438954360 2048
597742372 2048
1186208827 2048
161310951 2048
597742375 2048
1186208828 2048
161310952 2048
597742376 2048
1186208829 1280
161310953 832
597742377 2050
597742378 2048
1712738743 1088
597742380 2048
1799984183 2048
1299200816 2048
2052242821 64
1470349412 1408
1799984184 1920
1299200817 1472
1470349413 2048
597742382 2048
1470349414 2048
1470349415 2048
1470349416 704
1803373214 2048
647354941 192
1224239471 2048
1803373215 2048
647354942 896
1224239472 2048
1435985832 2048
1808740694 960
1785055781 2048
597742381 2048
218258107 320
370564517 2048
313137170 2048
1190581297 2048
5882066 2048
1435985833 2050
1785055782 128
370564518 2048
313137171 2048
1190581298 384
5882067 1664
150028535 1408
1428642542 64
101560193 64
122749731 414230
1137110998 1537
1916273327 1088
876853983 192
592716968 2048
1660065146 576
370564516 2048
313137169 1729
1190581296 2048
5882065 448
1211746561 192
1660065148 2048
1660065149 2048
1660065150 2048
270467080 1921
1660065151 2048
270467081 192
1660065152 2048
1660065153 2048
1660065154 2048
1660065155 2049
1660065156 2049
974551226 1088
2104990414 2049
1660065159 2048
2104990416 2048
1660065161 2048
2104990417 2048
1660065162 1536
486679442 192
967733859 1856
1435985820 2048
247901921 2049
1488572382 1408
1186208825 833
1438954361 1472
597742373 2048
161310949 1280
1186208826 2048
597742374 2048
161310950 2049
12111459 2048
12111460 2049
12111461 2050
1474065129 64
121522075 512
12111462 2049
1474065130 512
121522076 64
12111463 2049
221795639 1088
12111464 2049
12111465 2048
12111466 1600
1428642543 64
597742383 2048
105288715 768
2111737480 2048
869851555 2049
597742384 1280
105288716 2048
1613959504 576
2111737481 2048
869851556 2048
395561667 2048
1529883464 384
395561668 2048
1529883465 704
1584054127 192
719538674 1216
804135413 896
719538675 896
1994558791 128
1827990318 320
1686690086 576
1686690087 512
2111737479 2048
869851554 2048
2111737483 2048
869851558 64
954045835 2048
1721004728 128
1344305409 448
1344305410 2048
1344305411 2048
1042913591 128
1344305412 2048
1344305415 2048
1344305416 2049
1344305417 1664
1540767054 2048
207495093 192
1540767055 2048
207495094 2048
1540767056 1920
207495095 2048
207495096 2048
207495097 1920
1435985831 2048
1808740693 2048
1785055780 2048
1224239473 2049
1591158103 1024
812524771 641
1627524435 576
1591158107 1088
313137175 2048
954755779 192
1356196866 411160
1022564197 1857
1475061704 320
