862784403 1689
862784402 704
1834238909 1088
2072139840 1408
2072139839 704
1063943750 192
1322437649 192
1572781558 960
1572781554 2048
1572781553 2048
1572781552 2048
1572781551 2048
1572781550 1152
554704432 512
554704431 576
552394005 2048
552394004 2048
552394003 2048
157670954 128
519839283 128
167073934 512
167073933 576
358268628 1088
1257188 320
917113060 576
917113059 2048
917113058 2048
917113057 2048
917113056 2048
917113055 2048
1656906284 320
1296246752 1216
1309704352 1280
1309704348 2048
1309704347 2048
1309704346 2048
1309704343 2048
1309704342 2048
1309704341 2048
1309704340 2048
1309704339 2048
1309704338 2048
1309704337 2048
1309704336 832
1656109836 1216
1656109835 2048
1656109834 896
1669310592 320
388997589 2048
388997588 2048
388997587 2048
388997586 704
2075899777 576
2035485588 704
2035485587 2048
2035485586 2048
2035485585 2048
2035485584 1408
1792437026 1088
1792437025 1024
1597678887 128
729873544 576
729873543 2048
729873542 2048
729873541 2048
729873540 2048
729873539 2048
729873538 2048
729873537 2048
729873536 1536
1460726359 320
1460726358 2048
1460726357 2048
1460726356 2048
1460726355 2048
1460726354 2048
1178752246 896
1173093824 1024
1173093823 2048
1173093822 1088
1756839199 1664
1756839198 2048
1756839197 2048
1756839196 2048
396195069 2048
508078868 192
2103230325 320
2103230324 2048
1649027739 128
1778302705 1152
552394006 1088
1778302704 960
686957254 2048
686957253 2048
686957252 2048
686957251 2048
686957250 2048
686957249 2048
686957248 2048
686957247 2048
686957246 2048
686957245 2048
686957244 2048
686957243 2048
686957242 576
107188651 1024
107188650 1088
2103230323 1792
1249440071 192
1445220474 128
1445220473 448
1493186203 128
523036219 320
2053861873 512
2053861872 64
1371238788 1088
1813916484 64
1813916483 256
1934353925 320
1934353924 2048
1934353923 2048
1934353922 2048
1934353921 2048
2056123611 192
1934353920 2048
2056123610 384
1934353919 2048
1934353918 2048
1934353915 2048
1934353914 2048
1934353912 2048
1934353911 2048
1934353910 2048
1934353909 1792
201169659 192
201169658 2048
201169655 1920
1584790431 1472
1584790430 2048
1584790429 2048
1584790428 2048
1584790427 640
53915557 128
1827020403 192
1901677941 2048
1901677940 2048
1901677939 2048
1901677938 1856
448847134 128
1102201877 512
1102201876 1600
1936706786 192
964742097 1728
964742096 384
1605622673 1472
1605622672 2048
1605622671 2048
1605622670 2048
1605622669 640
1929700227 128
1166461200 1088
1929700226 1984
2138946869 2048
2138946868 2048
2138946867 64
1901677942 256
636428557 576
780759276 2048
780759275 64
681234233 192
111821216 1088
1269227299 384
1269227298 2048
1269227297 1728
1511072054 128
261512932 320
240578408 2048
240578407 512
1430049941 192
1541498336 1216
622527606 320
683267496 2048
683267495 2048
683267494 1728
1004098874 320
1426647507 2048
1426647506 1728
954755779 384
1178752248 2048
974273070 4096
1386022947 1152
1998085592 248004
1627524435 1152
812524770 256
1178752253 2048
974273075 4096
1178752252 2048
974273074 4096
1212361104 231541
1212361103 222162
207495093 384
1212361102 236430
954045836 4096
1721004728 896
954045835 4096
869851554 4096
869851553 4096
869851551 4096
1686690092 4096
1686690091 4096
1686690090 4096
1686690089 4096
1686690088 4096
1686690087 4096
1686690086 1152
1803373211 2432
719538676 1792
552393999 2048
2025391721 4096
719538675 4096
804135413 384
552393998 1024
2025391720 4096
719538674 2432
679464581 1344
2025391719 4096
1584054135 2688
1008101639 192
1584054134 4096
1008101638 896
1584054133 4096
1584054132 4096
1584054130 4096
1584054129 4096
1584054128 4096
1584054127 1536
1613959504 1152
869851555 4096
1428642546 4096
1428642544 4096
1428642543 4096
1606347506 2944
552095573 33668
1428642550 4096
207495101 3840
552095572 295030
1428642549 4096
207495100 4096
552095571 304258
1428642548 4096
207495099 4096
552095570 315113
1428642547 4096
207495098 4096
552095569 323498
683267508 2048
1243960096 294199
1591158107 2176
1747653479 4096
1000685420 2048
1488572398 1408
1488572397 4096
1648776319 256
1488572394 4096
1488572393 4096
1488572392 4096
592716965 3840
1488572390 4096
798786911 192
1488572389 4096
798786910 128
1488572388 4096
1435985826 3072
1488572387 4096
1785055774 2176
1488572386 4096
1971373318 2048
1488572385 4096
1488572382 2816
1971373314 2048
1834238908 1024
313137173 41308
1660065150 4096
1211746564 4096
313137172 334015
1660065149 4096
1211746563 4096
313137171 326954
1660065148 4096
1211746561 896
5882065 896
313137169 278973
1660065146 1152
876853997 4096
317140588 4096
876853996 4096
1699107629 128
876853995 4096
876853994 4096
876853993 4096
876853992 4096
876853991 4096
876853985 4096
876853984 4096
876853983 3456
888064482 4096
845261518 4096
1572781556 2048
601544351 4096
888064481 4096
845261517 4096
1572781555 2048
601544350 1408
888064480 4096
1107972526 3712
845261516 4096
1264107527 640
101560193 1152
1060793839 1152
974273083 4096
249132605 4096
240578409 1600
101560192 1024
974273082 4096
249132604 4096
425626204 1152
1428642542 128
150028535 2816
765608928 2048
150028534 4096
1756839194 2048
1392838256 4096
765608927 2048
150028533 4096
1756839193 2048
1392838255 4096
765608926 1600
876853990 4096
395561661 2048
1606347514 1280
150028532 4096
1756839192 2048
1392838254 4096
1606347513 4096
150028531 4096
1756839191 2048
1392838253 4096
1606347512 4096
150028530 4096
1756839190 2048
1392838252 4096
1606347511 4096
150028529 4096
1756839189 2048
1392838251 4096
1606347510 4096
150028528 4096
1756839188 2048
1392838250 4096
1606347509 4096
1756839187 2048
1392838249 4096
1211746562 4096
313137170 313289
218258107 640
1712738744 4096
1187787905 128
1187787904 256
1774302567 2048
597742378 4096
1438954366 4096
1774302566 2048
597742377 4096
1438954365 4096
1774302565 2048
1808740692 162535
597742376 4096
1438954364 4096
1438954363 4096
1438954362 4096
1186208826 512
161310949 2176
1438954361 4096
1186208825 1664
1438954360 4096
1438954359 1280
869851550 4096
972905375 768
1712738745 4096
1774302569 2048
597742380 4096
1660065147 4096
954923503 256
891039676 128
739562357 768
1435985820 4096
249132612 4096
1426647510 384
1950882022 1664
1426647509 2048
1950882021 2048
1426647508 2048
1950882020 448
1060793843 960
249132609 4096
1060793842 2048
249132608 4096
1060793841 2048
974273085 768
249132607 4096
974273081 4096
249132603 4096
1344305411 3328
974273080 4096
249132602 4096
1344305410 4096
974273079 4096
249132601 4096
314430521 384
1344305409 896
1279972319 2048
314430520 176370
314430519 179244
647354945 4096
386104422 259795
386104420 266878
1164548117 308058
686957255 2048
647354941 384
1164548115 291229
617252179 217836
908703783 297307
1160247163 1792
1438954367 2944
1774302568 2048
597742379 4096
1234657793 2816
1137110991 3072
317140587 4096
547563264 128
1386022946 3072
1998085591 256061
1164548114 291002
617252178 113944
1197609827 59497
686957256 2048
647354942 4096
1164548116 322626
1049384560 320
617252180 115537
150028527 1408
230265521 640
1916273327 2176
1493403957 30688
1940039290 2176
1470349413 4096
19865197 2176
2025391714 4096
908703771 318926
688766891 2048
1488572396 4096
954923504 35419
1488572395 4096
262755137 576
683267507 2048
1243960095 306961
486679445 4096
1591158106 4096
1747653478 4096
1000685419 2048
279237481 4096
279237480 4096
709563669 384
1946267427 90144
270467081 384
279237478 4096
1686690093 4096
270467080 3840
279237477 3072
1107972523 4096
1264107524 4096
1476034623 175006
1606347508 4096
1235306211 2944
908703782 296465
1855200344 4096
1998085593 280928
1280600299 128
1470349412 2816
2025391713 4096
2052242821 960
908703770 278481
990651107 256
688766890 448
1299200815 256
1585077726 4096
908703769 197054
990651106 1920
1060793840 2048
974273084 4096
249132606 4096
2015641131 4096
683267506 2048
1243960094 295526
486679444 4096
1591158105 4096
1747653477 4096
1000685418 2048
249132600 4096
974273078 4096
679464580 768
2025391718 4096
908703775 281916
1934353916 2048
269623672 2304
2025391717 4096
908703774 308735
917113054 2048
688766894 1664
322477599 267730
2082758266 4096
1855200338 4096
1756839195 2048
1392838257 512
2105408854 70708
1474065135 4096
888064477 4096
1476034626 181476
908703785 114955
201169656 2048
1279723428 640
1428642545 4096
343153636 2896
486679446 256
1696918808 52400
279237479 4096
1940039282 2048
1107972522 4096
1264107523 3584
1144748418 4096
1476034622 171332
1606347507 4096
1235306210 1280
908703781 321513
711073327 256
1855200343 4096
1488572384 4096
249132614 1792
1435985822 4096
1971373316 2048
122749718 102053
1396453962 640
908703777 308640
876853998 4096
105288715 1536
317140589 4096
1212361099 53094
1474065137 4096
1855200339 4096
2082758267 4096
1421887767 256
1803373212 1792
122749717 512
1396453961 1536
2141191821 1728
683267504 2048
1243960092 320462
486679442 3968
1591158103 2048
1747653475 4096
1000685416 2048
1719448054 320
1178752254 1216
249132598 2432
974273076 4096
19865199 2048
2025391716 4096
908703773 306115
917113053 2048
688766893 2048
1488572383 4096
249132613 4096
1435985821 4096
1971373315 2048
908703776 287137
1934353917 2048
269623673 1920
388997590 1408
1810254448 1152
12111458 640
1279825993 2048
1164198465 4096
486679443 4096
683267505 2048
1243960093 306997
1591158104 4096
1747653476 4096
1000685417 2048
249132599 4096
974273077 4096
1774302564 2048
597742375 4096
1808740691 300690
1488572391 4096
1855200345 4096
201169657 2048
909610790 31157
1986099215 128
1315950007 2048
1164548112 328320
1315950006 576
1164548111 261099
706486985 384
1747653473 4096
1000685414 1344
1541498340 896
683267500 2048
657262719 4096
2116281826 4096
546781670 323799
1774302574 2048
1267505148 2048
1998085582 259293
84973838 177450
1685967271 2048
1164548109 38772
1164548110 302714
19865198 4096
2025391715 4096
908703772 324126
917113052 1536
688766892 2048
1476034620 187454
631016544 2048
908703779 312552
1212361101 233982
1855200341 4096
1476034621 178658
908703780 314335
1855200342 4096
1190581294 34312
1178752249 2048
974273071 4096
888064483 3200
845261519 4096
1572781557 2048
601544352 2816
1774302570 2048
597742381 4096
1998085578 255141
908703778 328867
876853999 768
105288716 4096
317140590 4096
1212361100 230360
1476034619 19958
631016543 64
1855200340 4096
1178752250 2048
974273072 4096
1774302571 2048
597742382 4096
1664871775 2688
1998085579 241676
342615967 1152
1809222998 2048
869851552 4096
1178752251 2048
974273073 4096
888064476 4096
1476034625 188774
908703784 295351
647354946 4096
386104423 261888
1435985823 4096
1589511375 2432
1959173236 1856
84973836 7545
1687987867 4096
1685967269 2048
1407731048 56836
2062343805 1152
1799984180 384
1971373317 2048
1507096171 256
1585077724 4096
84973837 150305
1687987868 2432
1685967270 2048
546781669 173896
1774302573 2048
1664871777 1536
597742384 2560
1998085581 266610
683267503 2048
1243960091 291978
1747653474 4096
1000685415 2048
84973839 181890
1022919461 576
1296246750 896
1685967272 2048
597742368 1664
546781671 314395
1774302575 2048
1267505149 128
1998085583 266743
597742369 4096
546781672 305094
1774302576 2048
1998085584 252076
1144748419 4096
597742370 4096
546781673 287990
1774302577 64
1998085585 270091
1476034627 183097
888064478 4096
1107972524 4096
1306639590 576
1264107525 4096
1144748420 4096
597742371 4096
546781674 290744
1998085586 273551
1774302572 2048
597742383 4096
1664871776 4096
1998085580 287112
1827990318 640
1994558791 113546
1774302561 2048
597742372 4096
546781675 292738
1998085587 266528
869851556 4096
1728692859 1664
1998085594 35408
1280600300 2048
1774302562 2048
597742373 4096
546781676 292323
1998085588 264991
683267509 2048
1243960097 299821
1747653480 4096
1000685421 2048
1774302563 2048
1808740690 175254
597742374 4096
546781677 161458
1998085589 275981
683267510 384
1243960098 263205
1747653481 4096
1290539854 2816
1000685422 2048
1998085590 270379
647354947 4096
386104424 270076
1435985824 4096
1589511376 4096
1855200346 4096
89826202 1216
647354948 4096
2117231359 576
386104425 274743
1435985825 4096
1589511377 1792
1959173238 2048
1855200347 4096
89826203 2048
647354949 3840
386104426 266618
1959173239 2048
1855200348 4096
89826204 2048
1042913592 2176
1940039285 4096
279237482 4096
868244017 1152
1087654122 64
386104427 255437
1855200349 4096
89826205 2048
1940039286 4096
1087654123 2048
386104428 268254
1959173241 2048
1855200350 4096
89826206 2048
1940039287 4096
711076234 2048
1087654124 2048
386104429 266533
1959173242 2048
1855200351 4096
89826207 2048
459713653 256
1940039288 4096
1330521798 1024
711076235 2176
1087654125 2048
386104430 279478
1959173243 2048
1855200352 4096
89826208 2048
459713654 3968
1940039289 4096
1330521799 1152
1087654126 2048
1283110022 67394
1847832784 4096
396195066 2048
1290539860 4096
1000685428 2048
1529883464 768
386104431 262347
1959173244 256
1855200353 1920
89826209 2048
1529883465 4096
386104432 265795
89826210 896
1529883466 3456
386104433 186762
279237489 4096
869851557 4096
1728692860 4096
279237490 4096
1344950802 2048
407824101 222934
1728692862 4096
1344950803 2048
407824102 220747
1728692863 2560
279237493 1152
407824105 230461
407824106 86686
1137110990 1152
317140586 2688
547563263 256
1712738747 1792
1293268171 2048
1470349414 4096
1022564197 262800
1470349415 4096
1022564198 318450
1470349416 4096
1022564199 314500
1470349417 4096
1022564200 270162
1470349418 4096
1022564201 38629
207495094 4096
552095565 278481
1107972525 4096
888064479 4096
1264107526 4096
207495095 4096
552095566 295349
207495096 4096
552095567 306895
207495097 4096
552095568 314096
1160247162 2432
1287932923 384
1164198466 4096
2130615622 647
1428499959 2048
2116281827 4096
42807778 29011
1428499951 2048
370564513 2176
279237488 4096
680171910 3968
1389930801 4096
927915992 2048
1685967261 2048
680171911 256
1389930802 3840
927915993 1920
435581119 64
1685967262 2048
1344950804 2048
1937314401 640
407824103 214740
1895929540 896
279237492 4096
221412909 256
1063099966 128
1079209300 4096
1164198457 4096
2015641137 2048
1344950805 64
1937314402 448
407824104 223248
1895929541 256
1959173240 2048
858572090 640
686957258 1536
647354944 4096
386104421 245684
2116281828 4096
1107972521 4096
1476034624 176005
888064475 1024
279237491 4096
1063099965 4096
1079209299 3840
1164198456 4096
2015641136 2048
84973840 50852
1296246751 2048
1685967273 512
2082758264 3200
322477597 192
2015641129 4096
309013189 128
2082758265 4096
322477598 256650
2015641130 4096
309013190 2048
1315950008 1536
1164548113 318004
407824099 226465
1344950801 2048
407824100 211803
1725256561 2176
1756839185 2048
1392838247 4096
1144748413 128
1144748414 4096
1055439536 640
1994558790 192
1446432198 640
1042913591 2048
558903641 128
1144748421 4096
1075095322 1344
2141079213 384
1747653487 4096
1046325780 4096
1234657794 1408
1055439535 1536
1540767048 256
1474065134 4096
1073084480 576
1088442692 256
832498999 320
1224239470 640
732790828 4096
2044640951 640
1309704344 2048
221795639 2176
1474065131 4096
1046190280 1792
1046190281 4096
1046190282 4096
1046190283 4096
1046190284 4096
1046190285 4096
1046190286 4096
1046190287 4096
1046190288 2432
1339792155 640
2132271356 1536
1428499956 2048
732790827 3840
732790829 4096
732790830 4096
1309704350 2048
202673304 4096
732790831 4096
1309704351 2048
202673305 768
732790832 4096
386104417 68544
732790833 4096
386104418 272477
732790834 4096
386104419 267051
732790835 384
1687987866 1792
1685967268 2048
1584054131 4096
833552333 92097
150818999 640
8070737 512
1073431444 1152
1809223001 640
396195070 576
121522075 640
1474065129 128
249132610 4096
1435985818 1152
1971373312 2048
249132611 4096
1435985819 4096
1971373313 2048
1541498337 2048
683267497 2048
657262716 384
1541498338 2048
683267498 2048
657262717 4096
1541498339 2048
683267499 2048
657262718 4096
1949988530 1152
1309704349 2048
202673303 3456
1475366094 1152
2082758268 1024
78040202 3584
1203593675 256
5882066 1280
1847832783 3328
1046325779 3712
1747653486 4096
396195065 2048
1290539859 4096
1000685427 2048
1847832785 4096
1075095323 768
1046325781 512
1747653488 2176
396195067 2048
1290539861 4096
1000685429 2048
1847832786 4096
396195068 2048
1290539862 1408
1000685430 768
1847832787 4096
1847832788 4096
164941860 1088
1847832789 4096
1847832790 4096
858588155 128
1847832791 896
225663220 3840
845261520 4096
225663221 4096
845261521 4096
225663222 384
845261522 4096
1309704345 2048
901073612 1152
2075847050 384
1984602576 576
441453463 384
967733851 512
331846463 384
1776241990 640
589685764 2560
1971373306 1280
967733852 1664
589685765 4096
1971373307 2048
845261523 4096
845261524 128
577934856 576
1940039283 4096
1339671314 640
1940039284 4096
1339671315 1536
1783743316 1152
8070735 3712
8070736 4096
971725357 2176
971725358 2048
1956148061 3456
1721004729 256
1279972317 2176
489314094 2048
1279972318 4096
489314095 1664
2104990413 2176
2104990414 4096
974551226 640
2104990415 4096
2104990416 4096
2104990417 4096
2104990418 4096
2104990419 4096
2104990420 4096
2104990421 2048
876853986 4096
395561657 2176
1164198467 4096
876853987 4096
395561658 4096
1164198468 256
876853988 4096
395561659 4096
876853989 4096
395561660 4096
1971373319 2048
1392838241 3712
1971373320 2048
1392838242 4096
1971373321 2048
1392838243 4096
1971373322 832
1392838244 4096
1756839183 448
1392838245 4096
1756839184 2048
1392838246 4096
1756839186 2048
1392838248 4096
279237483 4096
425418623 3072
279237484 4096
425418624 4096
710905536 3712
279237485 4096
425418625 4096
710905537 512
279237486 4096
425418626 4096
279237487 4096
425418627 1152
592716966 384
2111737470 384
717091197 1024
1956148063 768
717091198 4096
717091199 4096
717091200 4096
2116281825 2560
717091201 3200
1356196862 44485
2039946063 2560
2040700304 640
2039946064 1664
1087654127 2048
1048374722 256
1087654128 2048
1048374723 4096
73622501 1344
1475061704 256
73622502 2048
73622503 768
1231884241 384
1934353913 2048
953511933 384
1428499960 2048
954045834 1792
954045837 4096
954045838 4096
954045839 4096
954045840 4096
1691881121 192
954045841 4096
954045842 4096
954045843 4096
954045844 4096
954045845 4096
954045846 4096
954045847 4096
954045848 4096
954045849 4096
1946267426 31458
954045850 2432
407824098 161434
1570652405 1152
2132271354 2688
1428499954 2048
2132271355 4096
1428499955 2048
2025391708 1792
869055152 4096
2025391709 4096
1535544043 128
869055153 4096
2025391710 4096
869055154 4096
2025391711 4096
869055155 4096
2025391712 4096
1990188133 896
869055156 4096
2052242820 128
552394000 2048
2083098153 192
2025391722 4096
552394001 2048
2025391723 4096
552394002 2048
1399447948 128
2025391724 2432
1164198464 4096
1956148062 4096
1389930800 384
927915991 2048
1685967260 2048
388122321 640
1460844137 1152
589602008 1408
577934858 2048
1747653472 2048
1094635040 320
1609582972 64
1747653482 4096
1290539855 4096
1000685423 2048
1229566027 1152
1747653483 4096
396195062 1536
1290539856 4096
1000685424 2048
1229566028 960
1747653484 4096
396195063 2048
1290539857 4096
1000685425 2048
1747653485 4096
396195064 2048
1290539858 4096
1000685426 2048
105288717 2688
317140591 4096
1460726351 1792
317140592 4096
1460726352 2048
317140593 4096
1460726353 2048
317140594 1536
2116281829 1664
980104121 128
1144748415 4096
476564842 2304
1144748416 4096
476564843 4096
1144748417 4096
476564844 1920
1087654129 2048
1048374724 4096
165635798 2304
1087654130 2048
1048374725 4096
165635799 4096
1048374726 3968
165635800 4096
165635801 4096
1495478388 384
1474065130 4096
1474065132 4096
1474065133 4096
1474065136 4096
1079209301 4096
1164198458 4096
2015641138 2048
1079209302 4096
1164198459 4096
2015641139 2048
1079209303 384
1164198460 4096
2015641140 2048
1666520748 1152
1307152554 320
1766682702 256
1307451811 896
1292058891 1024
1307451812 1280
1470349419 4096
869055149 1792
1470349420 1408
869055150 4096
1107972520 4096
1189286663 320
869055151 4096
78040203 4096
1585077719 384
78040204 4096
1585077720 4096
78040205 4096
1585077721 4096
78040206 640
1585077722 4096
1585077723 4096
1585077725 4096
1585077727 3840
2015641127 2944
2015641128 4096
1164198452 3968
2015641132 4096
1164198453 4096
2015641133 4096
1164198454 4096
2015641134 2614
1164198455 4096
2015641135 2048
1164198461 4096
2015641141 2048
1164198462 4096
2015641142 2048
1959173237 2048
730518634 128
1164198463 4096
2015641143 640
1428499946 1920
589602007 2816
577934857 2048
577934859 2048
975169498 1152
577934860 1536
489314091 448
489314092 2048
489314093 2048
1809222997 1472
1809222999 2048
1809223000 2048
683267501 2048
657262720 3840
1741357799 384
683267502 2048
1243960090 69235
1741357800 1728
869851558 128
1728692861 4096
1472147553 320
765608929 2048
765608930 2048
765608931 2048
765608932 2048
765608933 2048
1712738743 2432
765608934 512
1428499947 2048
1428499948 2048
1211746565 3328
1417538592 128
1428499949 2048
1428499950 2048
1428499952 2048
1428499953 2048
1428499957 2048
1428499958 2048
1428499961 2048
1428499962 192
20479772 1344
20479773 2048
20479774 768
962239629 192
1986099216 64
1293268172 2048
1510682566 704
1679620793 576
1367947612 2048
1367947613 128
1293268174 2048
1510682568 1408
1279825992 1920
1279825994 2048
1279825995 2048
1855200337 2304
897379176 1152
1279825996 192
419205978 384
1196080249 128
1196080250 448
1927805245 320
2141191820 384
1660065151 4096
972905371 1344
1660065152 4096
972905372 2048
1660065153 4096
972905373 2048
1660065154 3072
972905374 2048
869055157 2432
1990188134 2048
1990188135 1216
589685766 4096
247901910 3328
1971373308 2048
589685767 4096
247901911 4096
1971373309 2048
589685768 1664
247901912 896
1971373310 2048
1971373311 2048
1686690094 3072
305313676 320
1609582971 64
686957257 2048
647354943 4096
1695206433 128
1024229467 128
605118627 576
1292058887 1088
1292058888 2048
1292058889 2048
1292058890 2048
1212361105 236295
1685967257 1600
927915989 192
1212361106 219152
1685967258 2048
927915990 2048
1212361107 178192
1685967259 2048
1685967264 2048
1685967265 2048
1685967266 2048
1685967267 2048
1081776222 384
1081776223 704
1862761696 1216
1862761697 2048
1862761698 2048
1107972518 512
1862761699 2048
1107972519 4096
1862761700 896
840372651 64
840372652 2048
840372653 2048
1685967263 2048
435581120 2048
1178752247 2048
974273069 3456
1029952480 576
165635802 1920
2140335116 192
1367947609 1984
1367947610 2048
1679620792 512
1367947611 2048
1496727492 320
1712738746 4096
1293268170 64
1510682567 2048
1293268173 2048
