1049384567 766
1049384565 710
1049384564 772
1049384563 763
1049384562 535
1049384561 861
1049384560 724
1691881137 798
1691881129 668
1691881128 820
1691881127 656
1691881126 767
1691881125 908
1691881124 456
1691881123 900
1691881122 826
1691881121 96
917113060 243
917113059 742
917113058 731
917113057 685
917113056 797
917113055 830
917113054 903
917113053 1046
917113052 776
1656906284 13
1309704343 643
1309704342 654
1309704341 773
1309704340 776
1309704339 815
1309704338 550
1309704337 757
1309704336 278
1094635041 324
1669310608 707
1669310607 809
1669310606 831
1669310605 739
1669310604 1078
1669310602 945
1669310600 665
1669310599 717
1669310598 1219
1669310594 890
1669310593 622
1669310592 224
388997587 152
388997586 258
891039692 476
891039689 811
891039688 792
891039687 875
891039684 835
891039683 893
891039682 1004
891039681 1131
891039680 877
891039679 1089
891039678 913
2117231359 175
2075899777 58
2035485584 57
1060793839 94
2083098153 73
1597678894 949
1597678893 664
1597678892 859
1597678891 814
1597678890 836
1597678889 701
1597678888 1157
1597678887 126
729873536 353
1178752253 768
1178752252 890
1178752251 1039
1178752250 748
1178752246 427
1756839184 501
1756839183 203
396195062 209
508078872 577
508078871 998
508078870 1096
508078869 921
508078868 473
2103230329 990
2103230328 1012
2056123618 835
2056123617 725
2056123616 972
2056123615 1072
2056123614 852
2056123613 909
2056123612 1086
1649027747 741
1649027746 1138
1649027745 856
1778302719 956
1778302718 821
1778302717 862
1778302716 775
1778302715 1094
1778302714 942
1778302710 807
1778302709 823
1778302708 752
1778302707 1024
1778302706 1249
1778302705 1075
1778302704 613
686957250 738
686957249 1205
686957248 870
686957247 816
686957246 791
686957245 910
686957244 947
686957243 991
686957242 328
1344950801 410
107188650 293
622527606 218
798786911 108
798786910 83
2103230327 924
1249440075 227
2103230326 919
1249440074 1139
2103230325 867
1249440073 1387
2103230324 782
1249440072 1071
2103230323 838
1249440071 715
1445220474 60
1445220473 172
1493186209 940
1493186208 1180
1173093822 204
1493186207 1057
523036219 392
2053861876 1187
2053861875 1315
2053861874 1016
2053861873 446
2053861872 8
1813916486 941
1813916485 1161
1813916484 959
1813916483 80
1934353915 960
1934353914 1153
1934353912 1163
1934353911 1119
1934353910 1062
1934353909 1162
201169655 57
53915573 48
53915572 925
53915571 1217
53915570 1059
53915569 866
53915568 975
53915567 1209
53915566 875
53915565 873
53915564 895
53915563 1045
53915562 855
53915561 1046
53915560 892
53915558 935
53915557 985
1827020403 140
1901677938 261
448847134 386
1102201877 281
1102201876 1044
845261518 635
845261517 1670
2040700304 192
601544350 467
2075847054 1687
1656109834 300
657262731 1032
845261520 1308
845261516 1538
1107972526 1311
317140602 304
20479775 1273
980104129 1787
1190581301 2021
657262730 1251
845261519 1670
1046325781 229
1591158116 1220
1073431446 1025
1190581300 1981
1073431445 1457
1229566030 877
1046325779 861
1591158114 1230
1073431444 661
1229566029 819
1591158113 1179
732790829 1314
1088442693 1163
732790827 1168
221795647 251
2105408858 418226
12111472 507
1937314401 534
221795646 1353
2105408857 401583
221795645 1278
2105408856 343267
1212361099 207
2105408855 1787
1279826004 1371
1088442698 1469
1088442697 1415
1088442696 1259
1088442695 1321
732790831 82
1088442694 1321
732790830 1394
1073084480 441
1088442692 340
1190581309 2054
2082758277 1173
1407731048 123057
221795643 1400
1279826003 1362
2105408854 943
12111467 1005
1279826002 1111
1178752248 865
1029952481 479
974273070 601
1190581302 2029
1386022947 375
1649027744 984
592716981 81
1649027743 1159
592716980 1151
2104990413 783
1649027742 913
592716979 561
2138946883 1148
1813916498 1030
2082758275 1266
2138946869 1108
221412917 798
1669310603 732
1472147553 215
221412916 1354
221412913 1382
1778302720 624
1081776222 128
2138946874 1155
2082758279 1490
891039686 1032
1660065147 757
2138946873 1324
12111466 1413
1279826001 1244
2082758278 1294
891039685 813
1660065146 350
12111465 1313
1279826000 1190
1339792156 203
1417538601 1298
1309704344 386
221795639 1108
12111464 1477
1279825999 1169
1813916499 787
2082758276 1309
2138946870 1136
1339792155 1321
1417538600 1071
719538675 1186
2075847052 1271
2075847051 1083
1229566028 1059
1591158112 1240
1229566027 616
1591158111 1194
1591158110 1470
342615967 115255
1591158109 1611
1809222997 53
1669310601 854
1728692859 326
1004098875 1069
1004098874 831
1231884245 1136
1417538608 946
1813916489 1041
2082758266 1379
1493186210 845
964742096 214
1785055775 128
1984602581 1458
1785055774 948
1984602580 1262
1386022946 962
589602010 1339
975169498 778
1721004736 1110
1721004735 1186
1721004733 1554
845261522 1431
1721004731 1379
845261521 1323
1656109835 68
657262732 1124
1721004730 1380
1721004728 292
954045835 805
1669310596 1006
869851551 921
1307152554 144
1778302712 959
1766682702 241
111821217 1110
1435985818 194
1686690087 410
1686690086 296
2062343805 192
2075847058 304
221412915 1430
1187787908 1153
221412914 1119
1187787907 1079
1994558791 59
1190581295 2041
719538682 872
719538681 858
1470349425 1482
1803373211 128
719538680 1153
1535544044 686
1470349424 643
719538679 1435
1535544043 388
1470349423 1220
719538676 1247
1470349420 1757
719538674 579
1190581304 2069
1178752249 1112
974273071 201
1190581303 2012
1211746564 1163
1190581299 2073
1211746563 1247
1190581298 2030
1847832784 228
5882067 522
681234233 261
1046190280 100
1470349428 641
719538684 1192
1470349427 1312
719538683 1323
868244017 471
279237482 413952
1087654122 56
1774302562 1340
1470349422 1481
719538678 1099
1470349421 1229
719538677 1213
1203593675 856
1022564197 1860
1470349414 1440
1470349413 1426
1470349412 795
2075847057 1262
2075847056 1583
1107972519 12668
2075847055 1232
1591158105 1436
12111471 1157
1428642544 955
12111470 1405
1428642543 1182
719538685 1165
1606347506 847
476564846 592
1290539855 531
20479785 1513
1290539854 765
20479784 1109
1691881133 526
1946267429 232760
709563671 1600
2075847053 1476
1178752247 836
974273069 997
1029952480 1006
1940039282 171
1691881130 749
1946267426 43561
1446432200 796
1269227308 1018
589602021 1567
732790828 1333
1224239470 165
221412912 1310
1107972525 895
589602020 593
221412911 1258
1107972524 781
589602019 1437
221412910 1104
1107972522 1007
1264107523 139
589602017 1398
1107972521 1609
589602016 1392
309013196 1415
1073431448 435
1627524436 176
1591158108 1104
1073431447 692
1627524435 347
1591158107 1287
683267494 500
247901911 220
247901910 807
1063099965 365
1079209299 126
589602015 1476
221412909 557
589602018 1270
546781670 229943
546781669 125299
1004098890 236
1712738745 959
161310957 64
218258107 532
1712738744 1013
1827990319 435
1664871777 539
589602012 1261
1664871775 1039
1998085579 232645
1160247169 1555
1669310597 883
869851552 64
1691881135 683
1648776319 49287
1984602590 1065
589602011 1097
1190581310 378
1998085578 234489
1160247168 963
42807781 2015
2132271354 996
888064475 232
1417538598 976
42807779 1967
1211746569 1024
1417538596 1305
876853991 287
711076235 64
657262723 976
1243960092 226242
486679442 207
589602009 1210
225663220 95
1190581308 2062
2116281828 415734
1810254452 842
2138946871 1017
1330521798 262
1774302565 43
1721004732 1103
313137169 22022
1190581296 2017
5882065 351
657262722 1313
1243960091 226362
1810254451 1225
1774302564 1146
1211746561 181
309013204 953
1190581306 2026
1107972518 4605
657262719 814
1949988531 174
2116281826 393283
1591158106 1271
812524770 157
1691881134 733
1946267430 191377
1087654123 1291
1107972523 1360
680171910 217221
589602023 704
1389930801 1075
1685967261 869
12111461 1362
1591158117 1125
1197609827 156306
1160247167 1337
1847832783 1052
5882066 1162
1190581297 2024
309013205 1390
1211746562 1865
309013194 1258
1649027740 852
592716977 1584
2138946881 982
309013193 797
1649027739 564
592716976 1398
2138946880 1108
546781673 112938
309013192 1230
592716975 1412
1042913595 485
2138946879 1053
1799984184 384258
309013191 1243
2044640951 128
1042913594 1201
2138946878 1276
1000685414 536
1799984183 423641
858572090 4544
2111737477 937
592716973 1150
1042913593 1290
2138946877 1292
1164198460 44
657262729 1383
1243960098 1771
1799984182 419655
12111468 1374
1299200815 172
1696918808 13571
343153636 1515
1164198459 1331
1421887767 145
2141191821 268
309013195 1001
2075847050 869
1895929544 143123
1855200337 696
1279825996 1415
897379176 2368
2138946882 1009
279237480 413983
1691881131 905
709563669 404
1946267427 238642
657262727 1011
1243960096 1998
891039677 667
739562358 13937
1164198458 1648
1936706787 319
1895929543 410426
657262724 1162
1243960093 225103
1591158104 1348
1747653476 611
309013190 971
1813916488 1108
2082758265 1071
322477598 63
221795641 1473
901073613 1023
1687987868 472
2138946867 48
2105408861 409573
1813916491 1108
78040202 187
2082758268 1341
617252178 120607
386104417 136
1493403957 119991
1916273327 108
1488572385 1429
967733853 1038
441453465 698
1984602578 1222
657262725 1287
1243960094 224467
1895929541 409735
161310951 1245
909610790 186015
719538688 1430
19865199 610
1529883464 161
42807782 972
2132271355 417
888064476 972
1417538599 1798
891039676 577
739562357 50586
1164198457 1580
1936706786 745
161310952 1330
909610791 229620
221795642 1411
901073614 986
1813916497 1119
2082758274 1120
2138946868 1109
2105408862 208818
1075095322 30
1229566031 528
1591158115 1516
2141079213 576
1046325780 1374
1137110990 128
240578407 49
1813916490 1100
2082758267 1345
1493186211 650
964742097 136
314430519 125
589602014 1431
2111737476 1216
592716972 1186
1042913592 1311
2138946876 1072
657262728 880
1243960097 2038
1438954359 40768
1687987866 363
2105408859 444143
1088442699 1301
207495093 142
12111473 1402
1937314402 448
1813916487 1038
2082758264 890
322477597 67
309013189 28
1234657793 35
1721004734 1347
765608926 116
1895929540 85687
2105408860 420131
12111474 1250
954755779 182
309013203 896
1094635040 336
1609582972 65
617252179 114352
1488572386 439
1984602579 983
1895929542 413707
1691881132 829
709563670 1128
1946267428 225811
279237481 411995
1774302561 1188
1687987867 1420
1799984180 42975
1507096171 1003
1827990318 1044
1664871776 1127
1998085580 6646
1160247170 330
1691881136 865
1648776320 368614
1984602591 1180
161310949 782
1186208825 91
221795640 1580
901073612 428
1470349426 1443
1990188133 576
1496727493 428
1774302563 1178
1808740690 124518
1984602583 1270
1178752254 595
249132598 320
1591158119 735
1197609829 71397
1267505148 102
309013197 1345
309013198 640
1144748414 1392
1540767048 62
1055439535 459
908703769 22614
990651106 905
1799984181 408347
1507096172 1297
121522075 299
12111462 1225
1855200338 498
1279825997 1051
636428557 58
1540767049 631
1055439536 1094
309013200 1365
1055439537 213
309013201 1002
309013202 1207
1609582971 55
459713653 128
20479786 1195
909610792 224470
161310953 1062
459713654 1623
1396453961 657
20479787 1318
909610793 225815
161310954 1180
1725256561 321
1144748413 34
459713655 1452
1712738743 699
161310956 1000
909610794 8497
161310955 1238
719538687 1547
19865198 1283
711073328 988
1160247163 1485
1160247164 830
1280600299 59
1160247165 1070
1280600300 216
1160247166 988
1584054127 425
425626204 867
657262726 1279
1243960095 149457
262755137 358
1279723428 58
1669310595 795
869851550 1579
592716971 1196
2111737475 1327
1778302711 782
111821216 710
1293268171 348
1712738747 757
546781671 220780
597742368 665
202673303 213
221795644 1358
1475366094 442
546781672 228496
597742369 1004
1446432198 892
1269227306 1193
1042913591 604
2138946875 1055
558903641 87
1187787905 849
1591158118 1336
84973836 6082
1197609828 235100
647354941 75
1187787906 1145
1994558790 56
1187787909 1811
279237477 316160
270467080 1222
1187787910 1485
279237478 407524
270467081 1342
1187787911 1412
101560192 394
279237479 409460
270467082 81
1187787912 1315
101560193 1425
719538686 1320
19865197 661
12111469 1740
1428642542 64
101560194 625
101560195 1326
101560196 1137
1446432199 1596
1269227307 1262
876853984 1494
876853988 1276
370564513 40340
2082758280 319
42807778 1159
1211746568 895
1417538595 977
876853990 1642
1087654124 1240
711076234 834
876853989 798
1488572382 913
1488572383 1306
967733851 241
441453463 538
1984602576 659
1488572384 1289
161310950 1289
12111458 357
1279825993 1152
1971373306 313
331846463 171
1776241990 166
589685764 396
12111459 1100
1279825994 1146
12111460 1073
1279825995 1553
12111463 1152
1279825998 1228
833552333 198
150818999 128
876853983 1341
876853985 1420
876853987 1636
1160247162 732
1287932923 112
2116281827 400223
1417538603 1356
589602008 1287
710905537 111
1190581307 1943
42807780 2054
1417538597 1324
657262716 88
657262717 1592
657262718 1295
1949988530 1306
589602013 1301
845261523 1373
845261524 1363
577934856 576
845261525 1473
589602007 840
577934857 1051
845261526 1303
845261527 1177
845261528 1552
845261529 1210
845261530 1037
845261531 1420
845261532 32
1339671314 35
309013199 1096
1783743316 101
962239632 715
954923504 229426
1986099219 910
631016555 1313
8070735 98
971725357 464
971725358 633
1956148061 698
1721004729 842
1279972317 131
1934353916 1173
269623672 667
1934353917 111
269623673 1483
269623674 1293
2056123610 86
269623675 1251
2056123611 1101
269623676 855
1929700233 932
150028527 356
230265521 361
1929700234 76
150028528 1154
230265522 1202
150028529 1287
230265523 1105
150028530 1513
230265524 1363
150028531 1177
230265525 1510
1589511375 683
1959173236 634
150028532 1551
230265526 1534
1589511376 1252
1279826005 1707
89826202 503
150028533 1457
230265527 1539
1589511377 1336
1279826006 1646
89826203 963
150028534 1238
230265528 1460
1589511378 1421
1279826007 1352
89826204 1384
150028535 791
230265529 1373
1589511379 1413
1279826008 124
89826205 1187
230265530 1706
1589511380 1270
89826206 448
230265531 1057
1589511381 1385
230265532 1186
974551226 508
1589511382 1427
230265533 1136
1493186203 252
230265534 1212
1493186204 857
230265535 1278
1493186205 1217
230265536 999
1493186206 1372
230265537 1047
605118627 1227
876853986 1699
395561657 49
1507096173 359
1392838241 413
279237483 399776
425418623 890
1008101640 857
279237484 415164
425418624 1104
279237485 114166
710905536 1041
425418625 370
592716966 1171
2111737470 816
592716967 1296
2111737471 1183
891039690 1036
972905371 673
592716968 926
2111737472 1465
891039691 872
972905372 516
592716969 1241
2111737473 1209
592716970 1114
2111737474 1174
1371238788 87
592716974 1034
2111737478 233
717091197 480
717091198 1473
717091199 1135
717091200 1329
2116281825 271261
717091201 943
2039946063 542
1048374722 43
1048374723 64
1613959504 128
1231884241 329
1934353913 1076
953511933 192
1417538604 1602
1231884242 1076
1417538605 1079
1231884243 1262
1417538606 1388
1231884244 1266
1417538607 1154
1597678895 306
954045834 571
1190581305 2015
20479788 495
1396453962 1464
1396453963 1838
1396453964 1312
592716965 960
1396453965 655
2025391708 99
1164198452 1559
1164198453 1509
1164198454 1324
1164198455 1142
1164198456 1077
711073327 138
1605622670 295
589602022 1236
1389930800 177
1685967260 1239
1389930802 829
388122321 317
547563263 50
317140586 843
547563264 142
317140587 1328
1699107629 384
317140588 1442
1699107630 1530
105288715 298
317140589 978
1699107631 1015
317140590 1290
317140591 1073
1460726351 93
317140592 1510
317140593 1173
317140594 1230
2116281829 431616
980104121 192
317140595 1039
2116281830 402342
980104122 1668
317140596 1156
2116281831 407101
980104123 1201
317140597 1222
2116281832 420376
980104124 1322
317140598 1334
2116281833 161747
980104125 453
317140599 1180
20479772 923
1344305409 256
980104126 1330
317140600 1035
20479773 1036
1344305410 19
980104127 1283
317140601 1125
20479774 1264
980104128 1462
2138946872 1249
1330521799 1095
1144748415 1273
476564842 672
1144748416 546
476564843 1266
1144748417 1623
476564844 1194
476564845 1060
165635798 259
954923507 231070
1986099222 1477
631016558 980
1495478388 25
53915559 1136
1666520748 121
990651107 1481
688766890 14
990651108 1032
990651109 1485
1269227297 456
990651110 1121
1269227298 1062
990651111 1447
1306639590 437
1778302713 936
111821218 329
1766682703 356
967733852 1156
1984602577 1337
441453464 1516
1606347507 1528
1235306210 438
631016546 1292
1606347508 1396
1235306211 944
631016547 1349
1606347509 1260
1235306212 1388
631016548 1073
1606347510 483
1235306213 1198
631016549 1298
1235306214 776
631016550 1241
1430049941 127
1810254449 1098
780759275 45
1307451811 187
1307451812 1081
1307451813 441
804135413 424
1589511383 644
974551227 1120
974551228 716
1470349419 1366
869055149 353
1813916492 1034
2082758269 1801
1585077719 192
1813916493 1167
2082758270 1293
1585077720 1367
1813916494 830
2082758271 1327
1585077721 1705
1813916495 866
2082758272 572
1585077722 1053
1813916496 798
2082758273 1766
1585077723 1587
2015641127 576
489314091 128
1460844137 85
1986099230 1419
657262720 1653
1741357799 100
657262721 1370
1243960090 43598
1741357800 440
2052242820 120
1428499946 243
1984602582 1190
1984602584 1306
1984602585 1411
1984602586 1478
1984602587 1377
1984602588 1533
1984602589 1408
1984602592 546
20479776 1189
20479777 1217
706486985 241
20479778 1225
20479779 1409
1792437025 138
20479780 1313
1088442700 1141
207495094 71
552095565 144
20479781 1520
631016543 26
20479782 1283
631016544 1206
20479783 1150
73622501 758
1570652405 182
407824098 592
305313683 1127
1475061704 660
73622502 1318
73622503 1378
73622504 1201
73622505 1224
305313676 518
1747653472 906
73622506 1061
305313677 877
1747653473 1051
73622507 1526
305313678 1142
1747653474 1053
73622508 801
305313679 996
1591158103 670
1747653475 1296
73622509 382
305313680 1809
2103230330 940
1986099215 110
631016551 1061
1810254450 1125
780759276 461
962239629 569
2103230331 91
1986099216 1475
631016552 1310
962239630 789
1986099217 1356
631016553 1142
962239631 786
954923503 7036
1986099218 1165
631016554 1347
962239633 161
954923505 228232
1986099220 885
631016556 1424
954923506 234682
1986099221 1252
631016557 1017
954923508 229668
1986099223 1222
631016559 1265
954923509 232743
1986099224 1785
954923510 240011
1986099225 1930
954923511 227332
1986099226 1413
1986099227 1036
1986099228 1338
1986099229 931
1986099231 1166
1510682566 445
1510682567 258
1279825992 1205
1470349415 1031
1022564198 1922
419205978 368
1196080249 128
419205979 167
1196080250 1215
1927805245 90
2141191820 274
1679620792 508
1679620793 1044
1679620794 1023
1470349416 1248
1022564199 1772
1211746565 1273
1417538592 471
1211746566 1304
1476034619 61
1417538593 1562
1211746567 1753
1476034620 252
1417538594 1771
1417538602 1007
1107972520 1673
1189286663 320
1474065129 34
305313681 1253
1470349417 1885
1022564200 1754
1474065130 1334
305313682 1616
305313684 1550
305313685 1447
305313686 1200
305313687 1627
305313688 1108
305313689 1193
305313690 1526
305313691 1122
305313692 837
1695206433 447
1695206434 1299
1695206435 1340
1695206436 1308
1695206437 1112
1695206438 1120
1695206439 1011
1695206440 1179
1695206441 1338
1695206442 1149
1426647506 1173
1695206443 1437
1470349418 1362
1022564201 217
1426647507 1093
1695206444 1173
1022919461 244
1296246750 82
1685967272 1291
1649027741 841
592716978 1237
1024229467 152
605118628 192
1292058887 684
1292058888 1060
1292058889 769
730518634 247
858588155 1177
858588156 39
1685967257 755
927915989 75
1685967258 1357
927915990 198
1685967259 1102
1685967271 1144
1685967273 341
1049384566 881
1862761696 1088
719538689 1030
840372651 64
719538690 629
840372652 1488
840372653 1128
631016545 1569
1685967262 1592
435581119 5
1004098879 1169
1685967263 951
435581120 1374
1004098880 1492
1685967264 1206
435581121 1161
1004098881 999
1685967265 1492
435581122 1016
1004098882 991
1685967266 1056
435581123 1177
1004098883 979
1929700226 1306
1685967267 1232
435581124 1241
1004098884 972
1929700227 959
1685967268 1397
435581125 1008
1004098885 1219
2130615622 100
1929700228 931
1685967269 1285
435581126 1050
1004098886 977
1929700229 1340
1685967270 1249
435581127 1141
1004098887 1292
1929700230 976
1008101638 454
1008101639 1046
2140335116 109
1367947609 86
1496727492 206
1712738746 1456
1293268170 59
1950882020 224
1695206445 1151
1426647508 1174
1950882021 1434
1695206446 982
1426647509 1402
1950882022 1153
1695206447 1377
1426647510 1203
1950882023 1285
1695206448 1427
1426647511 1317
1584790427 114
1950882024 880
1695206449 661
1426647512 1015
1426647513 1055
1426647514 262
1004098876 1040
1004098877 1094
1004098878 1204
1004098888 1178
1929700231 1043
1004098889 997
1929700232 1002
261512932 667
1511072054 711
990651112 1046
1269227299 1266
990651113 1209
1269227300 1010
990651114 681
1269227301 1125
1269227302 958
1269227303 1016
1269227304 1266
1269227305 1093
1269227309 1141
1269227310 1157
1269227311 1204
1269227312 842
1190581294 1619
1269227313 175
679464580 113
1605622669 314
