510864913 202
1358528898 1066
1358528897 920
1358528896 935
1358528895 1261
1358528894 678
1358528893 1114
1358528892 751
1358528891 932
1358528890 1526
1358528889 1008
1358528888 1192
1358528884 879
1358528883 657
643588429 1406
643588428 372
1145391993 25
212197344 74
293109823 698
293109821 446
288270232 1593
288270231 1183
288270230 307
1462085032 946
1462085031 231
1525188692 879
1438181775 1066
1438181774 887
1438181770 936
1438181769 815
554630647 811
554630646 964
554630645 828
554630644 1195
554630643 1158
554630642 1201
554630641 806
554630640 1126
554630639 266
1778579573 480
1778579572 925
1778579571 864
1778579570 745
1778579569 796
1778579568 1314
1778579567 1027
1778579566 1056
1778579565 772
1778579562 1036
1778579561 1330
1778579560 907
1778579558 1428
1778579557 777
55628976 939
55628975 315
365609723 1122
1859557406 40
1859557405 1345
1859557404 1002
1859557403 1136
1859557402 1522
1859557401 1172
1859557400 1051
1859557399 1265
1859557398 932
2130688710 1050
2130688709 1204
2130688708 1063
2130688706 390
908545514 182
13986856 1216
13986855 758
1622638493 198
782410887 207
266751673 1149
266751672 1113
266751671 1326
266751670 840
266751669 905
266751668 826
266751667 914
266751665 175
2108386331 617
907395319 322
907395316 1340
907395315 847
907395314 1084
907395313 1170
907395312 1208
907395309 587
907395307 1167
907395306 1377
907395305 1351
522700620 337
522700619 938
522700618 929
522700617 1071
522700616 1138
522700615 1325
522700614 953
522700613 968
522700612 556
306391835 134
1445425188 929
1445425187 791
2053337060 448
1183914024 192
190692611 687
999623142 1322
999623141 1080
999623140 1398
165541370 192
797153357 626
797153354 882
797153353 500
797153352 1006
797153351 1127
797153350 783
797153349 107
1816243106 192
1358528887 881
1525892386 1060
1358528886 878
1525892385 1045
1358528885 763
1525892384 183
61026333 1107
61026332 907
61026331 1201
501738190 105
61026330 1187
61026329 1261
61026328 881
61026327 1172
1358528899 385
61026326 978
1084703200 1249
1084703199 1310
1084703196 1021
90003881 776
90003880 1209
90003879 313
999623139 1246
744855009 438
999623138 789
744855008 940
744855007 1405
744855006 1086
744855004 686
744855003 905
744855001 447
744855000 417
744854999 1048
744854998 1160
744854997 1174
744854996 1350
744854995 829
744854994 867
744854993 381
2104007157 546
2104007155 820
2104007154 790
2104007153 764
2104007152 648
610532516 918
610532515 255
925533819 530
604012155 111
1285382850 38
1284970290 1112
1284970289 722
1284970288 1462
1284970287 1370
1284970277 1192
1284970276 716
1321426876 941
1321426875 1499
1321426874 1370
1321426873 1417
1321426872 300
1900596974 24
1342957448 27
1793005385 25
2104007156 894
886477593 254
1220465663 399
1094589420 64
1020108677 1077
328480025 1234
1020108676 823
328480024 982
820239789 775
1020108675 770
328480023 1194
1020108674 535
328480022 1377
2135778000 30
862784404 961
862784403 792
862784402 477
1834238909 648
2072139840 709
2072139839 403
1063943750 98
293109822 1279
1322437649 63
1572781558 598
1572781554 1006
1572781553 730
1572781552 661
1572781551 1173
1572781550 632
554704432 308
554704431 424
13986852 737
552394005 999
552394004 1491
552394003 1443
157670954 128
744855002 1204
519839283 101
167073934 371
167073933 412
358268628 646
1257188 78
917113060 397
917113059 1289
917113058 1330
917113057 1283
917113056 1197
917113055 1354
1656906284 155
2104007151 879
1296246752 568
912740769 935
1309704352 718
1309704348 773
1309704347 1189
1309704346 1323
1309704343 1289
1309704342 1761
1309704341 1440
1309704340 1508
1309704339 1158
1309704338 1556
1309704337 1707
1309704336 721
1656109836 1151
1656109835 1097
1656109834 447
1669310592 223
958894262 11
388997589 1434
958894261 1151
388997588 1272
388997587 1444
388997586 482
2075899777 449
2035485588 640
2035485587 1419
2035485586 1394
2035485585 979
2035485584 865
907395311 934
1792437026 736
907395310 1108
1792437025 766
744855005 758
1597678887 86
729873544 243
729873543 1234
729873542 1268
729873541 1094
729873540 1536
729873539 1196
729873538 1187
729873537 1649
729873536 1210
1460726359 225
1460726358 1444
1460726357 1608
1460726356 926
1460726355 1228
1460726354 1231
1178752246 195
1173093824 753
1173093823 1088
1173093822 563
1756839199 920
1756839198 1653
1756839197 1315
1756839196 1094
396195069 1332
508078868 86
2103230325 157
2103230324 988
1649027739 128
13986854 1049
1778302705 777
13986853 1322
552394006 668
1778302704 763
686957254 914
686957253 1458
686957252 1137
686957251 1391
283130083 539
686957250 1324
686957249 1324
686957248 1084
686957247 1227
686957246 1630
686957245 1507
686957244 1509
686957243 1606
686957242 402
107188651 844
107188650 727
2103230323 1489
1249440071 146
1445220474 126
1445220473 395
2130688707 1311
1493186203 58
55628977 667
523036219 145
2053861873 218
2053861872 11
1371238788 923
1813916484 6
1813916483 169
1934353925 131
1934353924 1149
1934353923 1407
1934353922 1170
1934353921 1379
2056123611 85
1934353920 67
2056123610 116
1934353919 1344
1934353918 1420
1934353915 1410
1934353914 1505
1934353912 1607
1934353911 1165
1934353910 1006
1934353909 1540
201169659 141
201169658 1462
288270233 1358
201169655 1229
1584790431 1138
1584790430 1479
1584790429 1652
1584790428 1319
1584790427 476
53915557 128
1827020403 76
1901677941 1284
1901677940 1273
1901677939 1086
1901677938 1203
448847134 51
1102201877 324
1102201876 1134
1936706786 192
964742097 1187
964742096 250
1605622673 1137
1605622672 1050
1605622671 1161
1605622670 1289
1605622669 484
1929700227 128
1166461200 415
1929700226 1128
1084703195 1372
2138946869 1052
1084703194 1346
2138946868 1401
1084703193 1121
2138946867 17
1901677942 169
636428557 304
780759276 1371
780759275 37
681234233 108
111821216 592
1438181773 970
1269227299 168
1438181772 1202
1269227298 1218
1438181771 1130
1269227297 1059
1511072054 83
261512932 266
240578408 1350
240578407 282
1430049941 192
1541498336 696
622527606 320
683267496 1201
683267495 1202
683267494 997
1004098874 189
1426647507 1142
1426647506 834
954755779 168
724669127 269
1178752248 1264
974273070 1194
1386022947 576
1998085592 1918
1627524435 520
812524770 86
724669132 841
1178752253 1726
974273075 1159
724669131 1238
1178752252 1499
974273074 1312
1212361104 2267
1212361103 1934
365609724 1077
207495093 192
1212361102 1942
999623145 822
954045836 1786
1721004728 371
999623144 1138
954045835 1352
1712714754 715
869851554 1989
1712714753 1111
869851553 1934
869851551 1918
1686690092 1620
1686690091 1787
1686690090 1392
1686690089 1066
1686690088 1363
1686690087 1501
1686690086 340
1803373211 778
719538676 452
552393999 1105
2025391721 1156
719538675 1435
804135413 176
552393998 597
2025391720 1487
719538674 848
679464581 437
2025391719 1451
1584054135 978
1008101639 125
1220465671 1133
1584054134 1531
1008101638 458
1220465670 911
1584054133 1566
1220465669 1045
1584054132 1818
1220465667 1104
1584054130 1833
1220465666 1336
1584054129 1197
1220465665 1351
1584054128 1859
1220465664 1786
1584054127 768
1613959504 225
869851555 1447
1428642546 855
925533823 466
1428642544 1510
925533822 1291
1428642543 940
643588430 881
1606347506 844
1555154635 88
552095573 192
1428642550 1718
1555154634 401
207495101 1241
552095572 702
1428642549 1603
207495100 1173
552095571 1851
1428642548 1331
207495099 1158
552095570 1233
1428642547 1438
207495098 890
552095569 1121
683267508 1278
1243960096 2026
1591158107 982
1747653479 848
1000685420 1409
1488572398 460
1488572397 1304
1648776319 128
1488572394 1402
1488572393 1444
1488572392 1789
592716965 1495
1488572390 1630
798786911 126
1488572389 1508
1462737311 626
798786910 33
1488572388 1810
1435985826 1188
1488572387 1434
1785055774 872
1488572386 1325
1971373318 1556
1488572385 1436
1488572382 1099
1971373314 1369
499382599 47
1834238908 558
313137173 346
1660065150 1846
1211746564 1499
499382598 1128
313137172 1325
1660065149 1798
1211746563 1438
499382597 1028
313137171 2784
1660065148 2048
1211746561 186
5882065 375
499382595 1027
313137169 2428
1660065146 356
876853997 1135
317140588 1618
876853996 1734
1699107629 65
876853995 1569
876853994 1524
876853993 1724
876853992 1956
876853991 1998
876853985 1803
876853984 1228
876853983 1284
888064482 1133
61026336 1366
845261518 1055
1572781556 733
601544351 984
888064481 1258
61026335 1201
845261517 1727
1572781555 952
601544350 283
888064480 1461
1107972526 1080
61026334 1131
845261516 1236
1264107527 320
101560193 359
1060793839 469
974273083 1243
249132605 1258
240578409 876
101560192 486
974273082 1254
249132604 2029
1778579559 811
425626204 275
925533821 1098
1428642542 43
150028535 750
765608928 1563
150028534 1337
1756839194 1380
1392838256 807
765608927 1696
150028533 1377
1756839193 1260
1392838255 962
765608926 1230
876853990 1483
395561661 599
1606347514 537
150028532 2089
1756839192 1309
1392838254 1186
1606347513 1572
150028531 953
1756839191 1777
1392838253 1056
1703889600 272
1606347512 1280
150028530 1042
1756839190 1257
1392838252 1128
1703889599 1126
1606347511 1650
150028529 1259
1756839189 949
1392838251 984
1703889598 531
1351612378 257
1606347510 1212
150028528 1290
1756839188 1595
1392838250 1491
1606347509 1104
1756839187 1433
1392838249 920
1211746562 1420
499382596 964
313137170 1486
218258107 141
1712738744 1247
1187787905 17
1187787904 68
1774302567 1305
597742378 1259
1438954366 1651
1774302566 1365
597742377 1994
1438954365 1520
1774302565 1359
1808740692 136371
597742376 1911
1438954364 1577
1438954363 1225
2102423935 128
1438954362 1278
1186208826 123
161310949 620
1438954361 1215
1020108678 904
328480026 64
1186208825 621
1725256561 807
1756839185 1213
1392838247 1257
1144748413 128
1438954360 1811
1438954359 485
869851550 1314
972905375 579
1712738745 1483
1774302569 1601
597742380 1868
1660065147 1476
954923503 44
891039676 128
739562357 74
1435985820 1677
249132612 1352
1426647510 136
1950882022 827
1426647509 1047
1950882021 1392
1426647508 758
1950882020 447
1060793843 475
249132609 1664
1060793842 1647
249132608 1435
1060793841 1155
974273085 210
249132607 1538
974273081 1043
249132603 1192
1344305411 1438
974273080 1299
249132602 2118
1284970292 275
1344305410 1515
974273079 1283
249132601 1743
314430521 17
1284970291 706
1344305409 416
1279972319 443
314430520 1509
647354945 1811
2001139678 774
190692623 1001
386104422 2357
2001139676 874
190692621 992
386104420 2062
1164548117 298695
686957255 1256
647354941 72
1164548115 302263
617252179 1679
1386022946 1174
1998085591 2188
1164548114 303048
617252178 1567
1197609827 143
686957256 1615
647354942 1593
1164548116 301591
1049384560 153
617252180 700
150028527 404
230265521 280
1916273327 999
1493403957 17
1940039290 916
1470349413 1397
19865197 740
2025391714 1351
908703771 310654
688766891 1138
1488572396 1574
954923504 92
1488572395 1086
262755137 313
683267507 1287
1243960095 1663
486679445 1672
1591158106 1380
1747653478 1047
1000685419 1221
279237481 1249
279237480 1209
709563669 18
1946267427 105354
270467081 168
279237478 1333
1686690093 1820
270467080 1475
279237477 1317
1107972523 1622
1264107524 1463
908703783 303019
1160247163 519
1438954367 1168
1774302568 1304
597742379 1967
1234657793 1247
1137110991 1230
317140587 1272
547563264 32
1998085594 35
869851556 1331
1728692859 351
1280600300 921
1476034623 2404
1606347508 1577
1235306211 1046
908703782 296848
1855200344 1183
1998085593 1158
1280600299 64
1476034619 3
631016543 19
908703778 308416
876853999 195
105288716 1627
317140590 1461
1212361100 1588
1855200340 1820
679464580 219
2025391718 1285
908703775 301121
1934353916 1415
269623672 815
1060793840 1319
974273084 1241
249132606 991
2015641131 1301
683267506 833
1243960094 1102
486679444 1178
1591158105 1646
1747653477 1474
1000685418 1409
279610967 535
724669135 849
249132600 1398
974273078 1690
19865198 1473
2025391715 1131
908703772 301312
917113052 900
688766892 1188
1470349412 1013
2025391713 1398
2052242821 366
908703770 316270
1438181768 1019
990651107 55
688766890 248
19865199 451
2025391716 1388
908703773 323134
917113053 1444
688766893 1496
683267504 1638
1243960092 1974
486679442 1212
1591158103 427
1747653475 1706
1000685416 1190
279610965 776
724669133 1618
1719448054 256
1178752254 880
249132598 1216
974273076 1765
1428642545 2006
343153636 4803
486679446 24
1696918808 580
279237479 1507
1445425189 1174
1940039282 871
1107972522 1199
1264107523 1176
1144748418 1485
888064477 1835
1476034626 1991
908703785 124000
288270234 853
201169656 1005
1279723428 198
1476034622 1392
1606347507 1640
1235306210 368
908703781 310010
711073327 128
1855200343 1880
2025391717 989
908703774 318802
917113054 963
688766894 1030
322477599 1264
2082758266 1205
1855200338 1681
1756839195 1517
1392838257 170
2105408854 563
852564304 274
1474065135 2048
1488572384 1719
249132614 637
1435985822 1421
1971373316 1432
122749718 145318
907395318 1345
1396453962 320
908703777 310716
876853998 2031
105288715 200
317140589 1837
1212361099 608
1474065137 1045
1855200339 2202
1195651820 71
2082758267 1289
1421887767 128
1803373212 524
122749717 18280
907395317 1235
1396453961 497
2141191821 1315
1488572383 1343
249132613 1431
1435985821 1775
1971373315 1075
908703776 295911
1934353917 1321
269623673 560
388997590 958
1810254448 257
12111458 213
1279825993 1440
1164198465 1210
486679443 1531
683267505 1503
1243960093 1566
1591158104 1361
1747653476 1585
1000685417 1716
925533820 960
1299200815 122
1585077726 685
1342957449 64
908703769 195018
1438181767 46
990651106 751
724669129 1080
1178752250 1596
974273072 1625
342615967 98
1809222998 1145
1712714752 596
869851552 1493
888064476 2048
1476034625 1522
908703784 312323
907395308 1014
706486985 98
1747653473 1808
1000685414 204
1541498340 719
683267500 1337
657262719 1386
1284970283 1293
2116281826 1744
546781670 934
1774302574 1182
1267505148 613
1998085582 3836
1003989351 942
84973838 292025
2104007148 618
1685967271 855
1164548109 18799
1315950006 262
1164548111 310612
1164548110 300513
1771324294 182
1476034620 1838
631016544 1056
908703779 299491
1212361101 2352
1855200341 2048
1771324295 156
1476034621 1193
908703780 306192
1855200342 1861
1190581294 164
724669128 1086
1178752249 1210
974273071 2048
314430519 1315
888064483 1488
61026337 1318
845261519 1464
1572781557 1158
601544352 654
1774302570 1815
597742381 1690
1998085578 316259
724669130 1324
1178752251 1797
974273073 931
1986099215 128
1315950007 808
1164548112 301262
279610966 1285
724669134 910
249132599 2089
974273077 1601
1774302571 1008
597742382 1425
1998085579 193826
1664871775 1170
1774302564 1801
597742375 1468
1808740691 301572
1488572391 1656
1855200345 1179
201169657 1355
909610790 45117
84973836 5651
1687987867 1565
2104007146 998
1685967269 1391
1407731048 82744
2062343805 576
1799984180 124
1971373317 1060
1507096171 71
1585077724 1707
1003989350 851
84973837 13802
1687987868 1080
2104007147 1119
1685967270 1251
546781669 1278
1774302573 1551
1664871777 768
597742384 642
1998085581 3335
683267503 1505
1243960091 2448
1747653474 1562
1000685415 974
1160247162 849
1287932923 100
1164198466 1487
2130615622 1939
1428499959 1200
1284970284 1214
2116281827 1276
1003989352 553
84973839 299715
1022919461 476
2104007149 1006
1296246750 539
1685967272 1011
597742368 402
546781671 2032
1774302575 1595
1267505149 38
1998085583 1923
597742369 2054
546781672 1972
1774302576 1154
1998085584 3423
1144748419 2115
597742370 2033
546781673 1782
1774302577 19
1998085585 3468
1476034627 1524
888064478 1264
1107972524 1756
1306639590 412
1264107525 1316
1144748420 2052
597742371 1306
546781674 2059
1998085586 3378
1774302572 983
597742383 1146
1664871776 1853
1998085580 2812
1827990318 315
1994558791 1371
1774302561 1453
597742372 1768
546781675 1958
1998085587 2567
1774302562 1310
597742373 1230
546781676 1603
1998085588 1519
683267509 1448
1243960097 1105
1747653480 1165
1000685421 1607
1774302563 1132
1808740690 181057
597742374 1417
546781677 588
1998085589 3029
683267510 336
1243960098 1510
1747653481 1426
1538995938 80
1290539854 1075
1000685422 1382
1998085590 1946
647354946 1233
2001139679 1005
190692624 1134
386104423 1152
1435985823 1227
1589511375 949
1959173236 1292
647354947 1860
190692625 984
386104424 1041
1435985824 1306
1589511376 1475
1855200346 1447
89826202 887
647354948 1632
190692626 999
2117231359 487
386104425 1608
1435985825 1786
1589511377 528
1959173238 1462
1855200347 1511
89826203 895
647354949 1324
190692627 755
386104426 2033
1959173239 1586
1855200348 1839
89826204 1093
1042913592 813
1940039285 1279
279237482 1789
868244017 363
1087654122 4
386104427 1669
1855200349 1713
89826205 1632
1940039286 1099
1087654123 1279
386104428 1220
1959173241 1336
1855200350 1234
89826206 1112
1940039287 1151
711076234 1024
1087654124 1140
726867704 102
386104429 2073
1959173242 1642
1855200351 1584
89826207 984
459713653 128
1940039288 1340
1084703197 1073
1330521798 275
711076235 849
1087654125 1328
386104430 2268
1959173243 1678
1855200352 1502
89826208 1130
459713654 1646
1940039289 1199
1084703198 929
1330521799 371
1087654126 1516
1283110022 89686
1847832784 1239
396195066 931
1290539860 1272
1000685428 1659
1529883464 205
386104431 2313
1959173244 174
1855200353 619
89826209 1146
1529883465 1494
386104432 2417
89826210 828
1529883466 1576
386104433 950
279237489 1809
869851557 1669
1728692860 968
279237490 1455
1344950802 1234
407824101 2128
1728692862 1506
1344950803 1014
407824102 933
1728692863 816
279237493 280
407824105 1802
407824106 626
1137110990 515
317140586 494
547563263 128
1712738747 702
1293268171 1405
1470349414 1749
1022564197 1150
1470349415 1275
1022564198 1816
1470349416 1196
1022564199 1725
1470349417 1300
1022564200 1400
1470349418 1810
1022564201 187
365609725 1266
207495094 1211
552095565 765
1107972525 1427
888064479 885
1264107526 1852
365609726 1077
207495095 1763
552095566 1614
365609727 214
207495096 1679
552095567 1346
207495097 1428
552095568 1701
42807778 100
1428499951 1220
370564513 1017
279237488 1430
680171910 1889
1389930801 1521
927915992 1263
1685967261 1773
680171911 128
1389930802 873
927915993 1035
435581119 3
1685967262 1428
1344950804 1647
1937314401 321
407824103 1368
1895929540 448
279237492 1325
221412909 128
1063099966 64
1079209300 1275
1164198457 1091
2015641137 1920
1344950805 64
1937314402 242
407824104 1587
1895929541 128
1959173240 1259
858572090 164
686957258 988
647354944 1445
2001139677 1229
190692622 1240
386104421 2310
1284970285 1339
2116281828 1721
1107972521 1246
1476034624 2058
888064475 344
279237491 910
1063099965 1797
1079209299 1094
1164198456 859
2015641136 1477
84973840 90424
2104007150 800
1296246751 1043
1685967273 195
2082758264 911
322477597 26
2015641129 1560
309013189 25
2082758265 1538
322477598 825
2015641130 1452
310623021 577
309013190 771
1315950008 732
1164548113 318446
407824099 1541
1344950801 1633
407824100 2041
1144748414 2053
1055439536 320
1994558790 130
1446432198 320
1084703201 296
1042913591 696
558903641 104
1144748421 2053
1075095322 682
2141079213 119
1747653487 1215
1046325780 1885
1234657794 564
1055439535 501
1540767048 128
1474065134 1431
1073084480 278
1088442692 128
190692613 954
832498999 320
1224239470 173
732790828 1844
2044640951 262
1309704344 1467
221795639 628
1474065131 1823
1046190280 457
1046190281 1480
1046190282 1326
1046190283 1857
1046190284 1708
1046190285 1476
1046190286 1901
1046190287 1362
1046190288 750
1339792155 208
2132271356 299
1428499956 1163
190692612 1320
732790827 1484
190692614 990
732790829 1796
190692615 1055
732790830 1608
1309704350 1363
202673304 1184
190692616 966
732790831 1663
912740768 78
1309704351 1175
202673305 313
190692617 1325
732790832 2048
190692618 1286
386104417 641
732790833 1300
190692619 1630
386104418 783
732790834 1010
2001139675 83
190692620 1354
386104419 1750
732790835 132
1687987866 417
2104007145 1095
1685967268 696
1220465668 1367
1584054131 1975
833552333 880
150818999 300
8070737 99
1073431444 258
1809223001 201
396195070 274
121522075 266
1474065129 17
249132610 1685
1435985818 488
1971373312 1282
249132611 1448
1435985819 1170
1971373313 1612
1541498337 854
683267497 1275
657262716 161
1541498338 919
683267498 1314
657262717 1595
1541498339 1539
683267499 934
657262718 1738
1949988530 519
1309704349 1453
202673303 1209
1475366094 576
1195651821 2
2082758268 460
78040202 1466
1203593675 42
5882066 377
1847832783 1250
1046325779 1284
1747653486 1194
396195065 1209
1290539859 1524
1000685427 1305
1847832785 1556
1075095323 671
1046325781 145
1747653488 675
396195067 1278
1290539861 1891
1000685429 1170
1743068850 75
1847832786 1004
396195068 1213
1290539862 408
1000685430 552
1847832787 1455
1847832788 1116
164941860 682
1847832789 902
1847832790 735
858588155 128
1847832791 29
225663220 1612
61026338 1221
845261520 1579
225663221 1725
61026339 1351
845261521 1533
225663222 150
61026340 1256
845261522 1393
1309704345 1231
901073612 318
2075847050 93
1778579563 1175
1984602576 244
441453463 192
967733851 117
331846463 90
1776241990 190
589685764 1114
1971373306 1081
1778579564 1276
967733852 734
589685765 1784
1971373307 1417
61026341 967
845261523 1257
61026342 491
845261524 53
577934856 348
1445425190 1465
1940039283 1159
1339671314 238
1445425191 365
1940039284 1884
1339671315 463
1783743316 571
8070735 1202
8070736 1350
971725357 699
971725358 560
1956148061 1417
1721004729 54
1279972317 759
489314094 1339
1279972318 1149
489314095 1175
2104990413 800
2104990414 1804
974551226 293
2104990415 1379
2104990416 1371
2104990417 1670
2104990418 1153
2104990419 1287
2104990420 1092
2104990421 718
299799104 320
876853986 1507
395561657 609
1164198467 1250
876853987 1849
395561658 1399
1164198468 128
876853988 1720
395561659 1070
876853989 1434
395561660 1524
1971373319 1660
1392838241 1398
1971373320 1592
1392838242 1145
1971373321 1465
1392838243 1214
1971373322 832
1392838244 2048
1756839183 311
1392838245 1739
1756839184 854
1392838246 1767
1756839186 1332
1392838248 1103
279237483 1525
425418623 743
279237484 1302
425418624 711
710905536 1008
279237485 1293
425418625 1031
710905537 65
279237486 1500
425418626 1802
900844383 576
279237487 1490
425418627 331
592716966 164
2111737470 185
1284970278 1163
717091197 448
1956148063 177
1284970279 1763
717091198 1419
1284970280 1579
717091199 1105
1284970281 1464
717091200 1598
1284970282 1025
2116281825 341
717091201 1139
1356196862 83470
2039946063 817
2040700304 146
2039946064 599
1087654127 1456
1048374722 128
1087654128 1808
1048374723 1623
73622501 671
1475061704 128
73622502 1342
73622503 501
266751666 906
1231884241 67
1934353913 1460
953511933 192
1428499960 1140
999623143 1495
954045834 646
999623146 1241
954045837 1372
999623147 983
954045838 1477
999623148 1138
954045839 1750
999623149 533
954045840 611
999623150 836
1691881121 192
954045841 1246
999623151 1159
954045842 1780
999623152 1547
954045843 1610
999623153 899
954045844 1676
999623154 461
954045845 1230
954045846 1241
954045847 1409
954045848 1393
954045849 1415
1946267426 58835
954045850 1202
407824098 1550
1570652405 576
2132271354 1160
1428499954 1604
2132271355 1237
1428499955 1325
2025391708 549
869055152 1417
2025391709 1364
1535544043 121
869055153 1602
2025391710 1442
869055154 1439
2025391711 1616
869055155 1826
2025391712 891
1990188133 633
869055156 1758
2052242820 25
552394000 1517
2083098153 150
2025391722 993
552394001 1163
2025391723 1007
552394002 1189
1399447948 54
2025391724 810
1164198464 993
1956148062 1017
1389930800 96
927915991 1533
1685967260 1078
388122321 42
1460844137 355
589602008 568
577934858 1398
1747653472 633
797153356 936
1094635040 220
1609582972 64
1747653482 1568
1538995939 532
1290539855 1746
1000685423 1543
1229566027 675
1747653483 1571
396195062 845
1290539856 1929
1000685424 1089
1229566028 485
1747653484 1569
396195063 1060
1290539857 1415
1000685425 1065
1747653485 965
396195064 1407
1290539858 1514
1000685426 1348
105288717 1183
317140591 1640
1460726351 1335
317140592 1345
1460726352 1612
317140593 1534
1460726353 1395
317140594 505
1284970286 1070
2116281829 721
980104121 124
1144748415 1915
476564842 983
1144748416 1742
476564843 1229
1144748417 1343
476564844 540
1087654129 1390
1048374724 1857
165635798 762
1087654130 1236
1048374725 861
165635799 1881
1048374726 1467
165635800 1442
165635801 1642
1495478388 67
1474065130 1481
1474065132 1650
1474065133 1177
1474065136 1466
1079209301 1460
1164198458 1577
2015641138 1734
1079209302 1632
1164198459 776
2015641139 1251
1079209303 192
1164198460 1672
2015641140 1145
1666520748 422
1307152554 149
1766682702 94
1307451811 369
1292058891 732
1307451812 128
1470349419 1373
869055149 645
1470349420 621
869055150 1457
1107972520 1987
1189286663 265
869055151 983
78040203 934
1585077719 110
78040204 1275
1585077720 1461
78040205 1516
1585077721 1227
78040206 216
1585077722 1585
1585077723 1266
1585077725 1442
1585077727 1260
2015641127 1159
2015641128 698
1164198452 1559
2015641132 1131
1164198453 1325
2015641133 984
1164198454 1123
2015641134 1454
1164198455 1211
2015641135 1599
1164198461 1156
2015641141 1504
1164198462 1500
2015641142 1600
1959173237 1343
730518634 128
1164198463 1010
2015641143 381
1428499946 1236
589602007 1140
577934857 1534
577934859 1153
975169498 545
577934860 1035
489314091 275
489314092 1185
489314093 1220
1809222997 1129
1809222999 1403
1809223000 1416
683267501 1155
657262720 1392
1741357799 190
683267502 1036
1243960090 106
1741357800 1551
869851558 64
1728692861 1498
1472147553 246
765608929 1322
765608930 1024
765608931 1100
765608932 1320
765608933 1381
1712738743 675
765608934 208
1428499947 1359
1428499948 1404
1211746565 915
1417538592 128
1428499949 1391
1428499950 1107
1428499952 1388
1428499953 972
1428499957 1370
1428499958 1403
1428499961 1199
1428499962 162
20479772 590
907395303 951
20479773 1282
907395304 1207
20479774 312
962239629 142
1986099216 64
1293268172 1370
1510682566 404
1679620793 324
1367947612 1296
1367947613 66
1293268174 1159
1510682568 784
1279825992 1101
1279825994 1332
1061339166 160
1279825995 1511
1855200337 912
897379176 292
1279825996 192
419205978 114
1196080249 40
1196080250 394
1927805245 286
2141191820 378
1660065151 1539
972905371 1218
1660065152 1829
972905372 1129
1660065153 1492
972905373 935
1660065154 1074
972905374 1355
869055157 756
1990188134 1103
1990188135 473
589685766 1569
247901910 1409
1971373308 1475
589685767 1727
247901911 1844
1971373309 1851
589685768 389
247901912 178
1971373310 1355
1971373311 1533
1686690094 975
305313676 256
797153355 986
1609582971 64
686957257 1716
647354943 1429
1695206433 48
1024229467 81
605118627 270
1292058887 752
1292058888 1357
1292058889 1196
1292058890 1263
1212361105 1275
1685967257 1321
927915989 122
1212361106 1365
1685967258 1531
927915990 1371
1212361107 823
1685967259 1625
2104007141 566
1685967264 1725
2104007142 1389
1685967265 1742
2104007143 668
1685967266 1191
2104007144 1078
1685967267 1240
1081776222 272
1081776223 445
1862761696 722
1862761697 1244
1862761698 1478
1107972518 72
1862761699 928
1107972519 1101
1862761700 279
840372651 17
840372652 871
840372653 829
471421662 94
1685967263 1393
435581120 1003
1178752247 1502
974273069 1123
1029952480 185
165635802 769
2140335116 136
1367947609 1244
1367947610 1200
1679620792 384
1367947611 1790
1496727492 168
1712738746 1290
1293268170 3
1510682567 1321
1293268173 1448
